{
  "animation": [
    {
      "name": "Root",
      "time": [
        0.0,
        0.4333
      ],
      "transform": [
        [
          1.0,
          0.0,
          0.0,
          0.0,
          0.0,
          0.0,
          -1.0,
          0.0,
          0.0,
          1.0,
          0.0,
          0.0,
          0.0,
          0.0,
          0.0,
          1.0
        ],
        [
          1.0,
          0.0,
          0.0,
          0.0,
          0.0,
          0.0,
          -1.0,
          0.0,
          0.0,
          1.0,
          0.0,
          0.0,
          0.0,
          0.0,
          0.0,
          1.0
        ]
      ]
    },
    {
      "name": "Tablet",
      "time": [
        0.0,
        0.0333,
        0.0667,
        0.1,
        0.1333,
        0.1667,
        0.2,
        0.2333,
        0.2667,
        0.3,
        0.3333,
        0.3667,
        0.4,
        0.4333
      ],
      "transform": [
        [
          0.979465,
          0.201612,
          0.0,
          0.0,
          -0.201612,
          0.979465,
          0.0,
          0.4,
          0.0,
          0.0,
          1.0,
          0.0,
          0.0,
          0.0,
          0.0,
          1.0
        ],
        [
          0.977779,
          0.209638,
          0.0,
          0.0,
          -0.209638,
          0.977779,
          0.0,
          0.4,
          0.0,
          0.0,
          1.0,
          0.0,
          0.0,
          0.0,
          0.0,
          1.0
        ],
        [
          0.973169,
          0.230092,
          0.0,
          0.0,
          -0.230092,
          0.973169,
          0.0,
          0.4,
          0.0,
          0.0,
          1.0,
          0.0,
          0.0,
          0.0,
          0.0,
          1.0
        ],
        [
          0.966274,
          0.257515,
          0.0,
          0.0,
          -0.257515,
          0.966274,
          0.0,
          0.4,
          0.0,
          0.0,
          1.0,
          0.0,
          0.0,
          0.0,
          0.0,
          1.0
        ],
        [
          0.958079,
          0.286503,
          0.0,
          0.0,
          -0.286503,
          0.958079,
          0.0,
          0.4,
          0.0,
          0.0,
          1.0,
          0.0,
          0.0,
          0.0,
          0.0,
          1.0
        ],
        [
          0.950143,
          0.311815,
          0.0,
          0.0,
          -0.311815,
          0.950143,
          0.0,
          0.4,
          0.0,
          0.0,
          1.0,
          0.0,
          0.0,
          0.0,
          0.0,
          1.0
        ],
        [
          0.944532,
          0.32842,
          0.0,
          0.0,
          -0.32842,
          0.944532,
          0.0,
          0.4,
          0.0,
          0.0,
          1.0,
          0.0,
          0.0,
          0.0,
          0.0,
          1.0
        ],
        [
          0.942991,
          0.332817,
          0.0,
          0.0,
          -0.332817,
          0.942991,
          0.0,
          0.4,
          0.0,
          0.0,
          1.0,
          0.0,
          0.0,
          0.0,
          0.0,
          1.0
        ],
        [
          0.944988,
          0.327106,
          0.0,
          0.0,
          -0.327106,
          0.944988,
          0.0,
          0.4,
          0.0,
          0.0,
          1.0,
          0.0,
          0.0,
          0.0,
          0.0,
          1.0
        ],
        [
          0.949197,
          0.314682,
          0.0,
          0.0,
          -0.314682,
          0.949197,
          0.0,
          0.4,
          0.0,
          0.0,
          1.0,
          0.0,
          0.0,
          0.0,
          0.0,
          1.0
        ],
        [
          0.954275,
          0.298931,
          0.0,
          0.0,
          -0.298931,
          0.954275,
          0.0,
          0.4,
          0.0,
          0.0,
          1.0,
          0.0,
          0.0,
          0.0,
          0.0,
          1.0
        ],
        [
          0.959032,
          0.283299,
          0.0,
          0.0,
          -0.283299,
          0.959032,
          0.0,
          0.4,
          0.0,
          0.0,
          1.0,
          0.0,
          0.0,
          0.0,
          0.0,
          1.0
        ],
        [
          0.962493,
          0.271306,
          0.0,
          0.0,
          -0.271306,
          0.962493,
          0.0,
          0.4,
          0.0,
          0.0,
          1.0,
          0.0,
          0.0,
          0.0,
          0.0,
          1.0
        ],
        [
          0.96383,
          0.266518,
          0.0,
          0.0,
          -0.266518,
          0.96383,
          0.0,
          0.4,
          0.0,
          0.0,
          1.0,
          0.0,
          0.0,
          0.0,
          0.0,
          1.0
        ]
      ]
    },
    {
      "name": "Tentacle1_0.L",
      "time": [
        0.0,
        0.0333,
        0.0667,
        0.1,
        0.1333,
        0.1667,
        0.2,
        0.4333
      ],
      "transform": [
        [
          -0.026839,
          -0.996053,
          -0.084609,
          -0.848016,
          -0.146765,
          -0.079796,
          0.985948,
          2.615983,
          -0.988807,
          0.038879,
          -0.144044,
          0.0,
          0.0,
          0.0,
          0.0,
          1.0
        ],
        [
          -0.027625,
          -0.988747,
          -0.147027,
          -0.848016,
          -0.154063,
          -0.141115,
          0.977932,
          2.615983,
          -0.987675,
          0.049667,
          -0.148431,
          0.0,
          0.0,
          0.0,
          0.0,
          1.0
        ],
        [
          -0.027534,
          -0.953001,
          -0.301713,
          -0.848016,
          -0.172571,
          -0.292764,
          0.940483,
          2.615983,
          -0.984612,
          0.077962,
          -0.156399,
          0.0,
          0.0,
          0.0,
          0.0,
          1.0
        ],
        [
          -0.02295,
          -0.870387,
          -0.491833,
          -0.848016,
          -0.196247,
          -0.478468,
          0.855894,
          2.615983,
          -0.980286,
          0.116164,
          -0.15983,
          0.0,
          0.0,
          0.0,
          0.0,
          1.0
        ],
        [
          -0.013665,
          -0.752378,
          -0.658589,
          -0.848016,
          -0.218107,
          -0.640548,
          0.736293,
          2.615983,
          -0.975829,
          0.153705,
          -0.155346,
          0.0,
          0.0,
          0.0,
          0.0,
          1.0
        ],
        [
          -0.003869,
          -0.643481,
          -0.765452,
          -0.848016,
          -0.232914,
          -0.743826,
          0.626478,
          2.615983,
          -0.97249,
          0.180708,
          -0.146998,
          0.0,
          0.0,
          0.0,
          0.0,
          1.0
        ],
        [
          0.000562,
          -0.596803,
          -0.802387,
          -0.848016,
          -0.238249,
          -0.779362,
          0.57951,
          2.615983,
          -0.971204,
          0.190842,
          -0.142626,
          0.0,
          0.0,
          0.0,
          0.0,
          1.0
        ],
        [
          0.000562,
          -0.596803,
          -0.802387,
          -0.848016,
          -0.238249,
          -0.779362,
          0.57951,
          2.615983,
          -0.971204,
          0.190842,
          -0.142626,
          0.0,
          0.0,
          0.0,
          0.0,
          1.0
        ]
      ]
    },
    {
      "name": "Tentacle1_1.L",
      "time": [
        0.0,
        0.0333,
        0.0667,
        0.1,
        0.1333,
        0.1667,
        0.2,
        0.2333,
        0.2667,
        0.3,
        0.3333,
        0.3667,
        0.4,
        0.4333
      ],
      "transform": [
        [
          0.999931,
          0.010199,
          -0.005764,
          -0.0,
          -0.011289,
          0.707271,
          -0.706852,
          1.057274,
          -0.003133,
          0.706869,
          0.707338,
          0.0,
          0.0,
          0.0,
          0.0,
          1.0
        ],
        [
          0.999941,
          0.010471,
          -0.002634,
          -0.0,
          -0.010323,
          0.855637,
          -0.517472,
          1.057274,
          -0.003165,
          0.517469,
          0.855696,
          0.0,
          0.0,
          0.0,
          0.0,
          1.0
        ],
        [
          0.99991,
          0.01344,
          0.000685,
          0.0,
          -0.011865,
          0.904425,
          -0.426468,
          1.057274,
          -0.006351,
          0.426421,
          0.904502,
          -0.0,
          0.0,
          0.0,
          0.0,
          1.0
        ],
        [
          0.99983,
          0.017486,
          0.005921,
          0.0,
          -0.01489,
          0.953397,
          -0.301351,
          1.057274,
          -0.010914,
          0.301211,
          0.953496,
          0.0,
          0.0,
          0.0,
          0.0,
          1.0
        ],
        [
          0.999683,
          0.021563,
          0.012992,
          0.0,
          -0.019447,
          0.989174,
          -0.145454,
          1.057274,
          -0.015987,
          0.145155,
          0.98928,
          0.0,
          0.0,
          0.0,
          0.0,
          1.0
        ],
        [
          0.999467,
          0.024713,
          0.021323,
          -0.0,
          -0.02511,
          0.999512,
          0.018585,
          1.057274,
          -0.020853,
          -0.019111,
          0.9996,
          -0.0,
          0.0,
          0.0,
          0.0,
          1.0
        ],
        [
          0.999196,
          0.026495,
          0.030078,
          0.0,
          -0.031105,
          0.985816,
          0.164917,
          1.057274,
          -0.025282,
          -0.16572,
          0.985849,
          -0.0,
          0.0,
          0.0,
          0.0,
          1.0
        ],
        [
          0.998887,
          0.027663,
          0.038204,
          -0.0,
          -0.036817,
          0.963562,
          0.264937,
          1.057274,
          -0.029484,
          -0.266049,
          0.963508,
          -0.0,
          0.0,
          0.0,
          0.0,
          1.0
        ],
        [
          0.998546,
          0.029291,
          0.045254,
          0.0,
          -0.042197,
          0.947135,
          0.318049,
          1.057274,
          -0.033546,
          -0.319496,
          0.946994,
          0.0,
          0.0,
          0.0,
          0.0,
          1.0
        ],
        [
          0.998191,
          0.03128,
          0.051328,
          -0.0,
          -0.04701,
          0.938395,
          0.342352,
          1.057274,
          -0.037457,
          -0.344146,
          0.938169,
          0.0,
          0.0,
          0.0,
          0.0,
          1.0
        ],
        [
          0.997849,
          0.033511,
          0.056303,
          0.0,
          -0.051041,
          0.936378,
          0.347254,
          1.057274,
          -0.041087,
          -0.349382,
          0.936078,
          -0.0,
          0.0,
          0.0,
          0.0,
          1.0
        ],
        [
          0.997555,
          0.035724,
          0.060024,
          -0.0,
          -0.054115,
          0.938598,
          0.340735,
          1.057274,
          -0.044169,
          -0.343152,
          0.93824,
          -0.0,
          0.0,
          0.0,
          0.0,
          1.0
        ],
        [
          0.997346,
          0.037537,
          0.062334,
          0.0,
          -0.05612,
          0.942096,
          0.330602,
          1.057273,
          -0.046318,
          -0.333225,
          0.941708,
          0.0,
          0.0,
          0.0,
          0.0,
          1.0
        ],
        [
          0.997264,
          0.038483,
          0.063107,
          -0.0,
          -0.056988,
          0.944032,
          0.324889,
          1.057274,
          -0.047073,
          -0.327597,
          0.943644,
          -0.0,
          0.0,
          0.0,
          0.0,
          1.0
        ]
      ]
    },
    {
      "name": "Tentacle1_2.L",
      "time": [
        0.0,
        0.0333,
        0.0667,
        0.1,
        0.1333,
        0.1667,
        0.2,
        0.2333,
        0.2667,
        0.3,
        0.3333,
        0.3667,
        0.4,
        0.4333
      ],
      "transform": [
        [
          0.999569,
          0.028562,
          0.006752,
          -0.0,
          -0.011189,
          0.583558,
          -0.811994,
          1.413427,
          -0.027133,
          0.811569,
          0.583627,
          0.0,
          0.0,
          0.0,
          0.0,
          1.0
        ],
        [
          0.999654,
          0.023486,
          0.011864,
          -0.0,
          -0.008649,
          0.719123,
          -0.694829,
          1.413428,
          -0.02485,
          0.694486,
          0.719077,
          0.0,
          0.0,
          0.0,
          0.0,
          1.0
        ],
        [
          0.999625,
          0.022144,
          0.016088,
          0.0,
          -0.008331,
          0.806029,
          -0.591818,
          1.413427,
          -0.026073,
          0.591462,
          0.805911,
          0.0,
          0.0,
          0.0,
          0.0,
          1.0
        ],
        [
          0.999556,
          0.020977,
          0.021156,
          0.0,
          -0.009089,
          0.89096,
          -0.453992,
          1.413427,
          -0.028373,
          0.453598,
          0.890755,
          -0.0,
          0.0,
          0.0,
          0.0,
          1.0
        ],
        [
          0.999473,
          0.018925,
          0.026365,
          -0.0,
          -0.010748,
          0.959554,
          -0.281318,
          1.413427,
          -0.030623,
          0.280886,
          0.959252,
          0.0,
          0.0,
          0.0,
          0.0,
          1.0
        ],
        [
          0.999413,
          0.015788,
          0.030406,
          -0.0,
          -0.012618,
          0.994729,
          -0.101765,
          1.413427,
          -0.031852,
          0.101321,
          0.994344,
          -0.0,
          0.0,
          0.0,
          0.0,
          1.0
        ],
        [
          0.999407,
          0.011917,
          0.032289,
          0.0,
          -0.013633,
          0.998477,
          0.053451,
          1.413427,
          -0.031603,
          -0.05386,
          0.998048,
          -0.0,
          0.0,
          0.0,
          0.0,
          1.0
        ],
        [
          0.999469,
          0.00816,
          0.031543,
          0.0,
          -0.01279,
          0.988679,
          0.1495,
          1.413427,
          -0.029966,
          -0.149824,
          0.988258,
          0.0,
          0.0,
          0.0,
          0.0,
          1.0
        ],
        [
          0.999569,
          0.005398,
          0.028864,
          0.0,
          -0.010498,
          0.983686,
          0.179587,
          1.413427,
          -0.027424,
          -0.179813,
          0.983318,
          -0.0,
          0.0,
          0.0,
          0.0,
          1.0
        ],
        [
          0.999676,
          0.003398,
          0.025212,
          0.0,
          -0.007572,
          0.985865,
          0.167372,
          1.413427,
          -0.024287,
          -0.167509,
          0.985571,
          0.0,
          0.0,
          0.0,
          0.0,
          1.0
        ],
        [
          0.999764,
          0.001861,
          0.021291,
          0.0,
          -0.004603,
          0.991555,
          0.129537,
          1.413427,
          -0.020879,
          -0.12961,
          0.991342,
          0.0,
          0.0,
          0.0,
          0.0,
          1.0
        ],
        [
          0.999842,
          0.000657,
          0.017747,
          0.0,
          -0.0021,
          0.99668,
          0.081394,
          1.413427,
          -0.017635,
          -0.081418,
          0.996524,
          0.0,
          0.0,
          0.0,
          0.0,
          1.0
        ],
        [
          0.999885,
          -9e-05,
          0.015187,
          0.0,
          -0.0005,
          0.999244,
          0.038862,
          1.413427,
          -0.015179,
          -0.038865,
          0.999129,
          -0.0,
          0.0,
          0.0,
          0.0,
          1.0
        ],
        [
          0.999899,
          -0.000141,
          0.014204,
          -0.0,
          -0.000121,
          0.99983,
          0.018448,
          1.413427,
          -0.014204,
          -0.018448,
          0.999729,
          -0.0,
          0.0,
          0.0,
          0.0,
          1.0
        ]
      ]
    },
    {
      "name": "Tentacle1_3.L",
      "time": [
        0.0,
        0.1,
        0.1333,
        0.1667,
        0.4333
      ],
      "transform": [
        [
          0.999996,
          -8e-06,
          -0.002764,
          0.0,
          -0.0,
          0.999996,
          -0.002764,
          1.41333,
          0.002764,
          0.002764,
          0.999992,
          0.0,
          0.0,
          0.0,
          0.0,
          1.0
        ],
        [
          0.999996,
          -8e-06,
          -0.002764,
          0.0,
          -0.0,
          0.999996,
          -0.002764,
          1.41333,
          0.002764,
          0.002764,
          0.999992,
          -0.0,
          0.0,
          0.0,
          0.0,
          1.0
        ],
        [
          0.999996,
          -8e-06,
          -0.002764,
          0.0,
          0.0,
          0.999996,
          -0.002764,
          1.413331,
          0.002764,
          0.002764,
          0.999992,
          -0.0,
          0.0,
          0.0,
          0.0,
          1.0
        ],
        [
          0.999996,
          -8e-06,
          -0.002764,
          0.0,
          -0.0,
          0.999996,
          -0.002764,
          1.41333,
          0.002764,
          0.002764,
          0.999992,
          -0.0,
          0.0,
          0.0,
          0.0,
          1.0
        ],
        [
          0.999996,
          -8e-06,
          -0.002764,
          -0.0,
          -0.0,
          0.999996,
          -0.002764,
          1.41333,
          0.002764,
          0.002764,
          0.999992,
          -0.0,
          0.0,
          0.0,
          0.0,
          1.0
        ]
      ]
    },
    {
      "name": "Tentacle2_0.L",
      "time": [
        0.0,
        0.0333,
        0.0667,
        0.1,
        0.1333,
        0.1667,
        0.2,
        0.2333,
        0.2667,
        0.3,
        0.3333,
        0.3667,
        0.4,
        0.4333
      ],
      "transform": [
        [
          0.145067,
          -0.859818,
          -0.48956,
          -0.909962,
          0.066393,
          -0.485219,
          0.871868,
          1.740983,
          -0.987192,
          -0.158983,
          -0.013304,
          0.0,
          0.0,
          0.0,
          0.0,
          1.0
        ],
        [
          0.14952,
          -0.849714,
          -0.505599,
          -0.909962,
          0.07013,
          -0.500945,
          0.862633,
          1.740983,
          -0.986268,
          -0.164439,
          -0.015311,
          0.0,
          0.0,
          0.0,
          0.0,
          1.0
        ],
        [
          0.160719,
          -0.821996,
          -0.546344,
          -0.909962,
          0.080205,
          -0.540832,
          0.837298,
          1.740983,
          -0.983736,
          -0.17839,
          -0.020994,
          0.0,
          0.0,
          0.0,
          0.0,
          1.0
        ],
        [
          0.17527,
          -0.780364,
          -0.600261,
          -0.909962,
          0.094941,
          -0.59346,
          0.799244,
          1.740983,
          -0.979932,
          -0.197073,
          -0.029927,
          0.0,
          0.0,
          0.0,
          0.0,
          1.0
        ],
        [
          0.190044,
          -0.730078,
          -0.656406,
          -0.909962,
          0.112251,
          -0.648048,
          0.753282,
          1.740983,
          -0.975338,
          -0.216838,
          -0.041206,
          0.0,
          0.0,
          0.0,
          0.0,
          1.0
        ],
        [
          0.202651,
          -0.678835,
          -0.705773,
          -0.909962,
          0.129463,
          -0.695828,
          0.706443,
          1.740983,
          -0.970655,
          -0.234533,
          -0.053127,
          0.0,
          0.0,
          0.0,
          0.0,
          1.0
        ],
        [
          0.211604,
          -0.636226,
          -0.741916,
          -0.909962,
          0.143507,
          -0.730652,
          0.667497,
          1.740983,
          -0.966762,
          -0.247715,
          -0.063306,
          0.0,
          0.0,
          0.0,
          0.0,
          1.0
        ],
        [
          0.21645,
          -0.610373,
          -0.761967,
          -0.909962,
          0.151926,
          -0.749903,
          0.643866,
          1.740983,
          -0.9644,
          -0.255128,
          -0.069585,
          0.0,
          0.0,
          0.0,
          0.0,
          1.0
        ],
        [
          0.218247,
          -0.600193,
          -0.769504,
          -0.909962,
          0.155222,
          -0.757125,
          0.634562,
          1.740983,
          -0.96347,
          -0.257935,
          -0.072077,
          0.0,
          0.0,
          0.0,
          0.0,
          1.0
        ],
        [
          0.217993,
          -0.601651,
          -0.768436,
          -0.909962,
          0.154751,
          -0.756102,
          0.635895,
          1.740983,
          -0.963603,
          -0.257537,
          -0.071719,
          0.0,
          0.0,
          0.0,
          0.0,
          1.0
        ],
        [
          0.21645,
          -0.610373,
          -0.761967,
          -0.909962,
          0.151926,
          -0.749903,
          0.643866,
          1.740983,
          -0.9644,
          -0.255128,
          -0.069585,
          0.0,
          0.0,
          0.0,
          0.0,
          1.0
        ],
        [
          0.214337,
          -0.621923,
          -0.753174,
          -0.909962,
          0.148174,
          -0.741468,
          0.654423,
          1.740983,
          -0.965455,
          -0.251868,
          -0.066771,
          0.0,
          0.0,
          0.0,
          0.0,
          1.0
        ],
        [
          0.212435,
          -0.631951,
          -0.745325,
          -0.909962,
          0.144904,
          -0.733929,
          0.66359,
          1.740983,
          -0.966372,
          -0.24897,
          -0.064339,
          0.0,
          0.0,
          0.0,
          0.0,
          1.0
        ],
        [
          0.211604,
          -0.636226,
          -0.741916,
          -0.909962,
          0.143507,
          -0.730652,
          0.667497,
          1.740983,
          -0.966762,
          -0.247715,
          -0.063306,
          0.0,
          0.0,
          0.0,
          0.0,
          1.0
        ]
      ]
    },
    {
      "name": "Tentacle2_1.L",
      "time": [
        0.0,
        0.0333,
        0.0667,
        0.1,
        0.1333,
        0.1667,
        0.2,
        0.2333,
        0.2667,
        0.3,
        0.3333,
        0.3667,
        0.4,
        0.4333
      ],
      "transform": [
        [
          0.994287,
          0.105738,
          -0.014565,
          0.0,
          -0.096287,
          0.829671,
          -0.549886,
          0.995597,
          -0.04606,
          0.548147,
          0.835112,
          -0.0,
          0.0,
          0.0,
          0.0,
          1.0
        ],
        [
          0.99997,
          0.007395,
          -0.001932,
          0.0,
          -0.007625,
          0.947798,
          -0.31878,
          0.995597,
          -0.000526,
          0.318785,
          0.947827,
          0.0,
          0.0,
          0.0,
          0.0,
          1.0
        ],
        [
          0.999994,
          -0.00282,
          -0.001899,
          0.0,
          0.002376,
          0.979264,
          -0.202575,
          0.995597,
          0.002431,
          0.20257,
          0.979265,
          -0.0,
          0.0,
          0.0,
          0.0,
          1.0
        ],
        [
          0.999988,
          -0.004508,
          -0.001954,
          -0.0,
          0.004391,
          0.998409,
          -0.05622,
          0.995597,
          0.002205,
          0.056211,
          0.998416,
          -0.0,
          0.0,
          0.0,
          0.0,
          1.0
        ],
        [
          0.999986,
          -0.004825,
          -0.00199,
          -0.0,
          0.005012,
          0.994121,
          0.108157,
          0.995597,
          0.001456,
          -0.108166,
          0.994132,
          -0.0,
          0.0,
          0.0,
          0.0,
          1.0
        ],
        [
          0.999989,
          -0.004373,
          -0.002,
          -0.0,
          0.004743,
          0.965574,
          0.260088,
          0.995597,
          0.000793,
          -0.260094,
          0.965583,
          -0.0,
          0.0,
          0.0,
          0.0,
          1.0
        ],
        [
          0.999992,
          -0.003263,
          -0.001996,
          0.0,
          0.003771,
          0.928135,
          0.372226,
          0.995597,
          0.000637,
          -0.372231,
          0.92814,
          0.0,
          0.0,
          0.0,
          0.0,
          1.0
        ],
        [
          0.999996,
          -0.001771,
          -0.001991,
          0.0,
          0.002456,
          0.902657,
          0.430354,
          0.995597,
          0.001035,
          -0.430358,
          0.902658,
          -0.0,
          0.0,
          0.0,
          0.0,
          1.0
        ],
        [
          0.999998,
          -0.000535,
          -0.001989,
          0.0,
          0.001362,
          0.896332,
          0.443382,
          0.995597,
          0.001546,
          -0.443384,
          0.89633,
          0.0,
          0.0,
          0.0,
          0.0,
          1.0
        ],
        [
          0.999993,
          0.00032,
          -0.001992,
          0.0,
          0.000557,
          0.905435,
          0.42447,
          0.995597,
          0.001934,
          -0.424473,
          0.905436,
          0.0,
          0.0,
          0.0,
          0.0,
          1.0
        ],
        [
          0.999997,
          0.000819,
          -0.002001,
          0.0,
          1.6e-05,
          0.922628,
          0.38569,
          0.995597,
          0.002162,
          -0.38569,
          0.922626,
          0.0,
          0.0,
          0.0,
          0.0,
          1.0
        ],
        [
          0.999997,
          0.000999,
          -0.002011,
          0.0,
          -0.000258,
          0.940629,
          0.339435,
          0.995597,
          0.002231,
          -0.339433,
          0.940627,
          -0.0,
          0.0,
          0.0,
          0.0,
          1.0
        ],
        [
          0.999997,
          0.000855,
          -0.00202,
          0.0,
          -0.000211,
          0.954121,
          0.299422,
          0.995597,
          0.002183,
          -0.299421,
          0.954118,
          -0.0,
          0.0,
          0.0,
          0.0,
          1.0
        ],
        [
          0.999986,
          0.000399,
          -0.002023,
          0.0,
          0.000186,
          0.959884,
          0.280346,
          0.995597,
          0.002042,
          -0.280354,
          0.959891,
          0.0,
          0.0,
          0.0,
          0.0,
          1.0
        ]
      ]
    },
    {
      "name": "Tentacle2_2.L",
      "time": [
        0.0,
        0.0333,
        0.0667,
        0.1,
        0.1333,
        0.1667,
        0.2,
        0.2333,
        0.2667,
        0.3,
        0.3333,
        0.3667,
        0.4,
        0.4333
      ],
      "transform": [
        [
          0.997961,
          0.051883,
          0.037181,
          -0.0,
          0.002572,
          0.549342,
          -0.835593,
          1.413075,
          -0.063778,
          0.833985,
          0.548088,
          0.0,
          0.0,
          0.0,
          0.0,
          1.0
        ],
        [
          0.9978,
          0.046593,
          0.047153,
          0.0,
          0.00356,
          0.672627,
          -0.739973,
          1.413075,
          -0.066193,
          0.738513,
          0.670982,
          -0.0,
          0.0,
          0.0,
          0.0,
          1.0
        ],
        [
          0.997739,
          0.034282,
          0.057816,
          0.0,
          0.015613,
          0.718432,
          -0.695423,
          1.413075,
          -0.065378,
          0.694753,
          0.716271,
          -0.0,
          0.0,
          0.0,
          0.0,
          1.0
        ],
        [
          0.997017,
          0.030087,
          0.071075,
          -0.0,
          0.024134,
          0.753178,
          -0.657374,
          1.413075,
          -0.073311,
          0.657128,
          0.750205,
          0.0,
          0.0,
          0.0,
          0.0,
          1.0
        ],
        [
          0.995892,
          0.028059,
          0.086087,
          0.0,
          0.030668,
          0.790043,
          -0.612284,
          1.413075,
          -0.085192,
          0.612409,
          0.785937,
          0.0,
          0.0,
          0.0,
          0.0,
          1.0
        ],
        [
          0.994504,
          0.027497,
          0.101022,
          -0.0,
          0.034375,
          0.82565,
          -0.563134,
          1.413075,
          -0.098893,
          0.563512,
          0.820167,
          0.0,
          0.0,
          0.0,
          0.0,
          1.0
        ],
        [
          0.993037,
          0.029378,
          0.114079,
          -0.0,
          0.033989,
          0.855766,
          -0.516245,
          1.413075,
          -0.112791,
          0.516528,
          0.848809,
          0.0,
          0.0,
          0.0,
          0.0,
          1.0
        ],
        [
          0.991675,
          0.03463,
          0.124019,
          0.0,
          0.029121,
          0.877882,
          -0.477989,
          1.413075,
          -0.125427,
          0.477622,
          0.869566,
          0.0,
          0.0,
          0.0,
          0.0,
          1.0
        ],
        [
          0.990468,
          0.042296,
          0.131089,
          -0.0,
          0.021724,
          0.891813,
          -0.451883,
          1.413075,
          -0.136019,
          0.450423,
          0.882393,
          -0.0,
          0.0,
          0.0,
          0.0,
          1.0
        ],
        [
          0.989416,
          0.051179,
          0.135776,
          0.0,
          0.013579,
          0.898967,
          -0.437804,
          1.413075,
          -0.144465,
          0.435014,
          0.888759,
          0.0,
          0.0,
          0.0,
          0.0,
          1.0
        ],
        [
          0.988536,
          0.060145,
          0.138486,
          -0.0,
          0.005924,
          0.901071,
          -0.43363,
          1.413075,
          -0.150867,
          0.42948,
          0.890386,
          -0.0,
          0.0,
          0.0,
          0.0,
          1.0
        ],
        [
          0.987869,
          0.067959,
          0.139625,
          -0.0,
          -0.000213,
          0.899741,
          -0.436424,
          1.413075,
          -0.155285,
          0.4311,
          0.888841,
          -0.0,
          0.0,
          0.0,
          0.0,
          1.0
        ],
        [
          0.98748,
          0.073319,
          0.139674,
          -0.0,
          -0.00393,
          0.896582,
          -0.442861,
          1.413075,
          -0.157699,
          0.436768,
          0.885644,
          -0.0,
          0.0,
          0.0,
          0.0,
          1.0
        ],
        [
          0.987419,
          0.074945,
          0.139235,
          -0.0,
          -0.004432,
          0.893313,
          -0.449413,
          1.413076,
          -0.158062,
          0.443142,
          0.882407,
          -0.0,
          0.0,
          0.0,
          0.0,
          1.0
        ]
      ]
    },
    {
      "name": "Tentacle2_3.L",
      "time": [
        0.0,
        0.4333
      ],
      "transform": [
        [
          0.999996,
          -8e-06,
          -0.002765,
          -0.0,
          -0.0,
          0.999996,
          -0.002765,
          1.413327,
          0.002765,
          0.002765,
          0.999992,
          -0.0,
          0.0,
          0.0,
          0.0,
          1.0
        ],
        [
          0.999996,
          -8e-06,
          -0.002765,
          -0.0,
          0.0,
          0.999996,
          -0.002765,
          1.413327,
          0.002765,
          0.002765,
          0.999992,
          0.0,
          0.0,
          0.0,
          0.0,
          1.0
        ]
      ]
    },
    {
      "name": "Tentacle3_0.L",
      "time": [
        0.0,
        0.0333,
        0.0667,
        0.1,
        0.1333,
        0.1667,
        0.2,
        0.4333
      ],
      "transform": [
        [
          0.464014,
          -0.812186,
          -0.353616,
          -0.972423,
          0.175416,
          -0.307039,
          0.935391,
          0.858281,
          -0.868286,
          -0.496065,
          0.0,
          0.0,
          0.0,
          0.0,
          0.0,
          1.0
        ],
        [
          0.461255,
          -0.806754,
          -0.369312,
          -0.972423,
          0.179139,
          -0.322987,
          0.929295,
          0.858281,
          -0.868995,
          -0.4948,
          -0.004458,
          0.0,
          0.0,
          0.0,
          0.0,
          1.0
        ],
        [
          0.454158,
          -0.792157,
          -0.40771,
          -0.972423,
          0.188138,
          -0.362033,
          0.912982,
          0.858281,
          -0.87083,
          -0.491344,
          -0.015385,
          0.0,
          0.0,
          0.0,
          0.0,
          1.0
        ],
        [
          0.444553,
          -0.771155,
          -0.455733,
          -0.972423,
          0.199166,
          -0.410941,
          0.889641,
          0.858281,
          -0.87333,
          -0.486259,
          -0.029097,
          0.0,
          0.0,
          0.0,
          0.0,
          1.0
        ],
        [
          0.434586,
          -0.74808,
          -0.501509,
          -0.972423,
          0.209425,
          -0.45764,
          0.864122,
          0.858281,
          -0.875943,
          -0.480563,
          -0.042218,
          0.0,
          0.0,
          0.0,
          0.0,
          1.0
        ],
        [
          0.426717,
          -0.72907,
          -0.535135,
          -0.972423,
          0.21679,
          -0.492,
          0.843171,
          0.858281,
          -0.878017,
          -0.475808,
          -0.05189,
          0.0,
          0.0,
          0.0,
          0.0,
          1.0
        ],
        [
          0.423528,
          -0.721186,
          -0.548192,
          -0.972423,
          0.219609,
          -0.505355,
          0.834499,
          0.858281,
          -0.878861,
          -0.473822,
          -0.055653,
          0.0,
          0.0,
          0.0,
          0.0,
          1.0
        ],
        [
          0.423528,
          -0.721186,
          -0.548192,
          -0.972423,
          0.219609,
          -0.505355,
          0.834499,
          0.858281,
          -0.878861,
          -0.473822,
          -0.055653,
          0.0,
          0.0,
          0.0,
          0.0,
          1.0
        ]
      ]
    },
    {
      "name": "Tentacle3_1.L",
      "time": [
        0.0,
        0.0333,
        0.0667,
        0.1,
        0.1333,
        0.1667,
        0.2,
        0.2333,
        0.2667,
        0.3,
        0.3333,
        0.3667,
        0.4,
        0.4333
      ],
      "transform": [
        [
          0.87364,
          -0.451004,
          0.182611,
          0.0,
          0.466277,
          0.668747,
          -0.579105,
          1.058051,
          0.139059,
          0.591077,
          0.794538,
          0.0,
          0.0,
          0.0,
          0.0,
          1.0
        ],
        [
          0.929662,
          -0.35683,
          0.09166,
          -0.0,
          0.362972,
          0.844518,
          -0.393752,
          1.058051,
          0.063094,
          0.399326,
          0.914635,
          -0.0,
          0.0,
          0.0,
          0.0,
          1.0
        ],
        [
          0.949607,
          -0.308149,
          0.057362,
          0.0,
          0.312249,
          0.914064,
          -0.258816,
          1.058051,
          0.027322,
          0.263684,
          0.964222,
          -0.0,
          0.0,
          0.0,
          0.0,
          1.0
        ],
        [
          0.970175,
          -0.241095,
          0.0252,
          0.0,
          0.242305,
          0.967536,
          -0.07185,
          1.058051,
          -0.00706,
          0.075813,
          0.997097,
          -0.0,
          0.0,
          0.0,
          0.0,
          1.0
        ],
        [
          0.987433,
          -0.157948,
          0.005293,
          -0.0,
          0.155577,
          0.977406,
          0.143084,
          1.058051,
          -0.027773,
          -0.140463,
          0.989697,
          0.0,
          0.0,
          0.0,
          0.0,
          1.0
        ],
        [
          0.997129,
          -0.075638,
          0.003415,
          -0.0,
          0.070019,
          0.938334,
          0.338565,
          1.058051,
          -0.028813,
          -0.337354,
          0.940937,
          0.0,
          0.0,
          0.0,
          0.0,
          1.0
        ],
        [
          0.999845,
          -0.011545,
          0.013273,
          -0.0,
          0.003824,
          0.879124,
          0.476578,
          1.058051,
          -0.017171,
          -0.476453,
          0.879032,
          0.0,
          0.0,
          0.0,
          0.0,
          1.0
        ],
        [
          0.999396,
          0.02588,
          0.02319,
          0.0,
          -0.034325,
          0.839155,
          0.542807,
          1.058051,
          -0.005412,
          -0.543275,
          0.839537,
          -0.0,
          0.0,
          0.0,
          0.0,
          1.0
        ],
        [
          0.998763,
          0.04145,
          0.027476,
          0.0,
          -0.04973,
          0.830813,
          0.554325,
          1.058051,
          0.000149,
          -0.555006,
          0.831846,
          -0.0,
          0.0,
          0.0,
          0.0,
          1.0
        ],
        [
          0.998779,
          0.041686,
          0.026411,
          -0.0,
          -0.049348,
          0.846477,
          0.530128,
          1.058051,
          -0.000261,
          -0.530787,
          0.847505,
          0.0,
          0.0,
          0.0,
          0.0,
          1.0
        ],
        [
          0.99924,
          0.031919,
          0.022347,
          0.0,
          -0.038747,
          0.874495,
          0.483484,
          1.058051,
