{
  "animation": [
    {
      "name": "Root",
      "time": [
        0.0,
        0.0333,
        0.0667,
        0.1,
        0.1333,
        0.1667,
        0.2,
        0.2333,
        0.2667,
        0.3,
        0.3333,
        0.3667,
        0.4,
        0.4333
      ],
      "transform": [
        [
          1.0,
          0.0,
          0.0,
          0.0,
          0.0,
          0.0,
          -1.0,
          0.0,
          0.0,
          1.0,
          0.0,
          0.0,
          0.0,
          0.0,
          0.0,
          1.0
        ],
        [
          1.0,
          0.0,
          0.0,
          0.0,
          0.0,
          0.0,
          -1.0,
          0.0,
          0.0,
          1.0,
          0.0,
          0.0,
          0.0,
          0.0,
          0.0,
          1.0
        ],
        [
          1.0,
          0.0,
          0.0,
          0.0,
          0.0,
          0.0,
          -1.0,
          0.0,
          0.0,
          1.0,
          0.0,
          0.0,
          0.0,
          0.0,
          0.0,
          1.0
        ],
        [
          1.0,
          0.0,
          0.0,
          0.0,
          0.0,
          0.0,
          -1.0,
          0.0,
          0.0,
          1.0,
          0.0,
          0.0,
          0.0,
          0.0,
          0.0,
          1.0
        ],
        [
          1.0,
          0.0,
          0.0,
          0.0,
          0.0,
          0.0,
          -1.0,
          0.0,
          0.0,
          1.0,
          0.0,
          0.0,
          0.0,
          0.0,
          0.0,
          1.0
        ],
        [
          1.0,
          0.0,
          0.0,
          0.0,
          0.0,
          0.0,
          -1.0,
          0.0,
          0.0,
          1.0,
          0.0,
          0.0,
          0.0,
          0.0,
          0.0,
          1.0
        ],
        [
          1.0,
          0.0,
          0.0,
          0.0,
          0.0,
          0.0,
          -1.0,
          0.0,
          0.0,
          1.0,
          0.0,
          0.0,
          0.0,
          0.0,
          0.0,
          1.0
        ],
        [
          1.0,
          0.0,
          0.0,
          0.0,
          0.0,
          0.0,
          -1.0,
          0.0,
          0.0,
          1.0,
          0.0,
          0.0,
          0.0,
          0.0,
          0.0,
          1.0
        ],
        [
          1.0,
          0.0,
          0.0,
          0.0,
          0.0,
          0.0,
          -1.0,
          0.0,
          0.0,
          1.0,
          0.0,
          0.0,
          0.0,
          0.0,
          0.0,
          1.0
        ],
        [
          1.0,
          0.0,
          0.0,
          0.0,
          0.0,
          0.0,
          -1.0,
          0.0,
          0.0,
          1.0,
          0.0,
          0.0,
          0.0,
          0.0,
          0.0,
          1.0
        ],
        [
          1.0,
          0.0,
          0.0,
          0.0,
          0.0,
          0.0,
          -1.0,
          0.0,
          0.0,
          1.0,
          0.0,
          0.0,
          0.0,
          0.0,
          0.0,
          1.0
        ],
        [
          1.0,
          0.0,
          0.0,
          0.0,
          0.0,
          0.0,
          -1.0,
          0.0,
          0.0,
          1.0,
          0.0,
          0.0,
          0.0,
          0.0,
          0.0,
          1.0
        ],
        [
          1.0,
          0.0,
          0.0,
          0.0,
          0.0,
          0.0,
          -1.0,
          0.0,
          0.0,
          1.0,
          0.0,
          0.0,
          0.0,
          0.0,
          0.0,
          1.0
        ],
        [
          1.0,
          0.0,
          0.0,
          0.0,
          0.0,
          0.0,
          -1.0,
          0.0,
          0.0,
          1.0,
          0.0,
          0.0,
          0.0,
          0.0,
          0.0,
          1.0
        ]
      ]
    },
    {
      "name": "Tablet",
      "time": [
        0.0,
        0.0333,
        0.0667,
        0.1,
        0.1333,
        0.1667,
        0.2,
        0.2333,
        0.2667,
        0.3,
        0.3333,
        0.3667,
        0.4,
        0.4333
      ],
      "transform": [
        [
          0.979465,
          0.201612,
          0.0,
          0.0,
          -0.201612,
          0.979465,
          0.0,
          0.4,
          0.0,
          0.0,
          1.0,
          0.0,
          0.0,
          0.0,
          0.0,
          1.0
        ],
        [
          0.977448,
          0.211177,
          0.0,
          0.0,
          -0.211177,
          0.977448,
          0.0,
          0.4,
          0.0,
          0.0,
          1.0,
          0.0,
          0.0,
          0.0,
          0.0,
          1.0
        ],
        [
          0.971999,
          0.234987,
          0.0,
          0.0,
          -0.234987,
          0.971999,
          0.0,
          0.4,
          0.0,
          0.0,
          1.0,
          0.0,
          0.0,
          0.0,
          0.0,
          1.0
        ],
        [
          0.964057,
          0.265697,
          0.0,
          0.0,
          -0.265697,
          0.964057,
          0.0,
          0.4,
          0.0,
          0.0,
          1.0,
          0.0,
          0.0,
          0.0,
          0.0,
          1.0
        ],
        [
          0.95516,
          0.296091,
          0.0,
          0.0,
          -0.296091,
          0.95516,
          0.0,
          0.4,
          0.0,
          0.0,
          1.0,
          0.0,
          0.0,
          0.0,
          0.0,
          1.0
        ],
        [
          0.947678,
          0.319229,
          0.0,
          0.0,
          -0.319229,
          0.947678,
          0.0,
          0.4,
          0.0,
          0.0,
          1.0,
          0.0,
          0.0,
          0.0,
          0.0,
          1.0
        ],
        [
          0.944532,
          0.32842,
          0.0,
          0.0,
          -0.32842,
          0.944532,
          0.0,
          0.4,
          0.0,
          0.0,
          1.0,
          0.0,
          0.0,
          0.0,
          0.0,
          1.0
        ],
        [
          0.945705,
          0.325025,
          0.0,
          0.0,
          -0.325025,
          0.945705,
          0.0,
          0.4,
          0.0,
          0.0,
          1.0,
          0.0,
          0.0,
          0.0,
          0.0,
          1.0
        ],
        [
          0.948676,
          0.31625,
          0.0,
          0.0,
          -0.31625,
          0.948676,
          0.0,
          0.4,
          0.0,
          0.0,
          1.0,
          0.0,
          0.0,
          0.0,
          0.0,
          1.0
        ],
        [
          0.952606,
          0.304207,
          0.0,
          0.0,
          -0.304207,
          0.952606,
          0.0,
          0.4,
          0.0,
          0.0,
          1.0,
          0.0,
          0.0,
          0.0,
          0.0,
          1.0
        ],
        [
          0.956714,
          0.291029,
          0.0,
          0.0,
          -0.291029,
          0.956714,
          0.0,
          0.4,
          0.0,
          0.0,
          1.0,
          0.0,
          0.0,
          0.0,
          0.0,
          1.0
        ],
        [
          0.960324,
          0.278886,
          0.0,
          0.0,
          -0.278886,
          0.960324,
          0.0,
          0.4,
          0.0,
          0.0,
          1.0,
          0.0,
          0.0,
          0.0,
          0.0,
          1.0
        ],
        [
          0.962866,
          0.269978,
          0.0,
          0.0,
          -0.269978,
          0.962866,
          0.0,
          0.4,
          0.0,
          0.0,
          1.0,
          0.0,
          0.0,
          0.0,
          0.0,
          1.0
        ],
        [
          0.96383,
          0.266518,
          0.0,
          0.0,
          -0.266518,
          0.96383,
          0.0,
          0.4,
          0.0,
          0.0,
          1.0,
          0.0,
          0.0,
          0.0,
          0.0,
          1.0
        ]
      ]
    },
    {
      "name": "Tentacle1_0.L",
      "time": [
        0.0,
        0.0333,
        0.0667,
        0.1,
        0.1333,
        0.1667,
        0.2,
        0.2333,
        0.2667,
        0.3,
        0.3333,
        0.3667,
        0.4,
        0.4333
      ],
      "transform": [
        [
          -0.026839,
          -0.84328,
          -0.536803,
          -0.848016,
          -0.146765,
          -0.527854,
          0.836559,
          2.615983,
          -0.988807,
          0.101236,
          -0.109597,
          0.0,
          0.0,
          0.0,
          0.0,
          1.0
        ],
        [
          -0.025974,
          -0.828138,
          -0.559922,
          -0.848016,
          -0.154023,
          -0.550107,
          0.820767,
          2.615983,
          -0.987726,
          0.107559,
          -0.113264,
          0.0,
          0.0,
          0.0,
          0.0,
          1.0
        ],
        [
          -0.022941,
          -0.787729,
          -0.615595,
          -0.848016,
          -0.171943,
          -0.603473,
          0.778625,
          2.615983,
          -0.98484,
          0.123709,
          -0.1216,
          0.0,
          0.0,
          0.0,
          0.0,
          1.0
        ],
        [
          -0.017205,
          -0.73025,
          -0.682963,
          -0.848016,
          -0.194586,
          -0.667559,
          0.718681,
          2.615983,
          -0.980735,
          0.145259,
          -0.130611,
          0.0,
          0.0,
          0.0,
          0.0,
          1.0
        ],
        [
          -0.009572,
          -0.668019,
          -0.744082,
          -0.848016,
          -0.216254,
          -0.725124,
          0.653781,
          2.615983,
          -0.97629,
          0.167169,
          -0.137521,
          0.0,
          0.0,
          0.0,
          0.0,
          1.0
        ],
        [
          -0.002522,
          -0.617525,
          -0.786547,
          -0.848016,
          -0.23212,
          -0.764705,
          0.601121,
          2.615983,
          -0.972684,
          0.184089,
          -0.141411,
          0.0,
          0.0,
          0.0,
          0.0,
          1.0
        ],
        [
          0.000562,
          -0.596803,
          -0.802387,
          -0.848016,
          -0.238249,
          -0.779362,
          0.57951,
          2.615983,
          -0.971204,
          0.190842,
          -0.142626,
          0.0,
          0.0,
          0.0,
          0.0,
          1.0
        ],
        [
          0.000562,
          -0.596803,
          -0.802387,
          -0.848016,
          -0.238249,
          -0.779362,
          0.57951,
          2.615983,
          -0.971204,
          0.190842,
          -0.142626,
          0.0,
          0.0,
          0.0,
          0.0,
          1.0
        ],
        [
          0.000562,
          -0.596803,
          -0.802388,
          -0.848016,
          -0.238249,
          -0.779362,
          0.57951,
          2.615983,
          -0.971204,
          0.190842,
          -0.142626,
          0.0,
          0.0,
          0.0,
          0.0,
          1.0
        ],
        [
          0.000562,
          -0.596803,
          -0.802387,
          -0.848016,
          -0.238249,
          -0.779362,
          0.57951,
          2.615983,
          -0.971204,
          0.190842,
          -0.142626,
          0.0,
          0.0,
          0.0,
          0.0,
          1.0
        ],
        [
          0.000562,
          -0.596803,
          -0.802387,
          -0.848016,
          -0.238249,
          -0.779362,
          0.57951,
          2.615983,
          -0.971204,
          0.190842,
          -0.142626,
          0.0,
          0.0,
          0.0,
          0.0,
          1.0
        ],
        [
          0.000562,
          -0.596803,
          -0.802387,
          -0.848016,
          -0.238249,
          -0.779362,
          0.57951,
          2.615983,
          -0.971204,
          0.190842,
          -0.142626,
          0.0,
          0.0,
          0.0,
          0.0,
          1.0
        ],
        [
          0.000562,
          -0.596803,
          -0.802387,
          -0.848016,
          -0.238249,
          -0.779362,
          0.57951,
          2.615983,
          -0.971204,
          0.190842,
          -0.142626,
          0.0,
          0.0,
          0.0,
          0.0,
          1.0
        ],
        [
          0.000562,
          -0.596803,
          -0.802387,
          -0.848016,
          -0.238249,
          -0.779362,
          0.57951,
          2.615983,
          -0.971204,
          0.190842,
          -0.142626,
          0.0,
          0.0,
          0.0,
          0.0,
          1.0
        ]
      ]
    },
    {
      "name": "Tentacle1_1.L",
      "time": [
        0.0,
        0.0333,
        0.0667,
        0.1,
        0.1333,
        0.1667,
        0.2,
        0.2333,
        0.2667,
        0.3,
        0.3333,
        0.3667,
        0.4,
        0.4333
      ],
      "transform": [
        [
          0.999951,
          0.009549,
          0.002488,
          0.0,
          -0.009675,
          0.998316,
          0.057194,
          1.057274,
          -0.001938,
          -0.057216,
          0.99836,
          -0.0,
          0.0,
          0.0,
          0.0,
          1.0
        ],
        [
          0.999933,
          0.011092,
          0.003548,
          0.0,
          -0.011281,
          0.998229,
          0.058417,
          1.057274,
          -0.002893,
          -0.058453,
          0.998286,
          -0.0,
          0.0,
          0.0,
          0.0,
          1.0
        ],
        [
          0.999879,
          0.014169,
          0.006508,
          0.0,
          -0.014574,
          0.997642,
          0.067076,
          1.057274,
          -0.005542,
          -0.067163,
          0.997727,
          0.0,
          0.0,
          0.0,
          0.0,
          1.0
        ],
        [
          0.999784,
          0.017632,
          0.011035,
          0.0,
          -0.01851,
          0.996187,
          0.085254,
          1.057274,
          -0.00949,
          -0.08544,
          0.996298,
          0.0,
          0.0,
          0.0,
          0.0,
          1.0
        ],
        [
          0.999638,
          0.021079,
          0.016781,
          -0.0,
          -0.022819,
          0.99352,
          0.111349,
          1.057274,
          -0.014325,
          -0.111691,
          0.99364,
          -0.0,
          0.0,
          0.0,
          0.0,
          1.0
        ],
        [
          0.999435,
          0.024134,
          0.023391,
          0.0,
          -0.027249,
          0.98926,
          0.143604,
          1.057274,
          -0.019674,
          -0.14416,
          0.989359,
          -0.0,
          0.0,
          0.0,
          0.0,
          1.0
        ],
        [
          0.999185,
          0.026439,
          0.030484,
          0.0,
          -0.031513,
          0.983117,
          0.180243,
          1.057274,
          -0.025204,
          -0.181057,
          0.98315,
          -0.0,
          0.0,
          0.0,
          0.0,
          1.0
        ],
        [
          0.998884,
          0.028662,
          0.037542,
          0.0,
          -0.03608,
          0.975981,
          0.214844,
          1.057274,
          -0.030483,
          -0.215959,
          0.975926,
          -0.0,
          0.0,
          0.0,
          0.0,
          1.0
        ],
        [
          0.998532,
          0.031306,
          0.044182,
          0.0,
          -0.041164,
          0.968961,
          0.24376,
          1.057274,
          -0.035179,
          -0.245221,
          0.968828,
          -0.0,
          0.0,
          0.0,
          0.0,
          1.0
        ],
        [
          0.998171,
          0.033642,
          0.050227,
          -0.0,
          -0.04598,
          0.961908,
          0.269478,
          1.057274,
          -0.039249,
          -0.271295,
          0.961696,
          -0.0,
          0.0,
          0.0,
          0.0,
          1.0
        ],
        [
          0.997829,
          0.035569,
          0.055414,
          -0.0,
          -0.05023,
          0.955312,
          0.291299,
          1.057274,
          -0.042577,
          -0.29345,
          0.955026,
          0.0,
          0.0,
          0.0,
          0.0,
          1.0
        ],
        [
          0.997532,
          0.037059,
          0.059464,
          0.0,
          -0.05366,
          0.949771,
          0.308268,
          1.057274,
          -0.045065,
          -0.310705,
          0.949435,
          -0.0,
          0.0,
          0.0,
          0.0,
          1.0
        ],
        [
          0.997339,
          0.038063,
          0.062106,
          0.0,
          -0.055995,
          0.945938,
          0.319457,
          1.057274,
          -0.046594,
          -0.322088,
          0.945561,
          0.0,
          0.0,
          0.0,
          0.0,
          1.0
        ],
        [
          0.997263,
          0.038562,
          0.063067,
          -0.0,
          -0.057001,
          0.94437,
          0.323904,
          1.057274,
          -0.047069,
          -0.326613,
          0.943985,
          -0.0,
          0.0,
          0.0,
          0.0,
          1.0
        ]
      ]
    },
    {
      "name": "Tentacle1_2.L",
      "time": [
        0.0,
        0.0333,
        0.0667,
        0.1,
        0.1333,
        0.1667,
        0.2,
        0.2333,
        0.2667,
        0.3,
        0.3333,
        0.3667,
        0.4,
        0.4333
      ],
      "transform": [
        [
          0.999642,
          0.006843,
          0.025292,
          0.0,
          -0.008676,
          0.997269,
          0.073125,
          1.413427,
          -0.024731,
          -0.073324,
          0.997,
          -0.0,
          0.0,
          0.0,
          0.0,
          1.0
        ],
        [
          0.999631,
          0.008495,
          0.025797,
          0.0,
          -0.010243,
          0.997606,
          0.068385,
          1.413427,
          -0.025155,
          -0.068624,
          0.997325,
          -0.0,
          0.0,
          0.0,
          0.0,
          1.0
        ],
        [
          0.999574,
          0.01085,
          0.027103,
          -0.0,
          -0.01261,
          0.997766,
          0.065602,
          1.413427,
          -0.026331,
          -0.065916,
          0.997478,
          -0.0,
          0.0,
          0.0,
          0.0,
          1.0
        ],
        [
          0.999502,
          0.012763,
          0.028847,
          0.0,
          -0.014702,
          0.997575,
          0.068026,
          1.413427,
          -0.027909,
          -0.068417,
          0.997266,
          -0.0,
          0.0,
          0.0,
          0.0,
          1.0
        ],
        [
          0.999434,
          0.013855,
          0.030644,
          0.0,
          -0.016111,
          0.99708,
          0.074647,
          1.413427,
          -0.02952,
          -0.075098,
          0.996739,
          0.0,
          0.0,
          0.0,
          0.0,
          1.0
        ],
        [
          0.999389,
          0.013865,
          0.032091,
          -0.0,
          -0.016513,
          0.996349,
          0.083768,
          1.413427,
          -0.030813,
          -0.084247,
          0.995968,
          -0.0,
          0.0,
          0.0,
          0.0,
          1.0
        ],
        [
          0.999384,
          0.01253,
          0.032763,
          -0.0,
          -0.015555,
          0.995473,
          0.093757,
          1.413427,
          -0.03144,
          -0.094208,
          0.995056,
          0.0,
          0.0,
          0.0,
          0.0,
          1.0
        ],
        [
          0.999439,
          0.01056,
          0.031788,
          -0.0,
          -0.013546,
          0.995364,
          0.095226,
          1.413427,
          -0.030635,
          -0.095603,
          0.994948,
          0.0,
          0.0,
          0.0,
          0.0,
          1.0
        ],
        [
          0.999539,
          0.008668,
          0.029086,
          -0.0,
          -0.011081,
          0.996414,
          0.083879,
          1.413427,
          -0.028254,
          -0.084162,
          0.996051,
          -0.0,
          0.0,
          0.0,
          0.0,
          1.0
        ],
        [
          0.999657,
          0.006411,
          0.025402,
          -0.0,
          -0.008096,
          0.997735,
          0.066768,
          1.413427,
          -0.024917,
          -0.066951,
          0.997445,
          -0.0,
          0.0,
          0.0,
          0.0,
          1.0
        ],
        [
          0.999762,
          0.003996,
          0.02143,
          -0.0,
          -0.005021,
          0.998834,
          0.048001,
          1.413427,
          -0.021213,
          -0.048097,
          0.998617,
          -0.0,
          0.0,
          0.0,
          0.0,
          1.0
        ],
        [
          0.99984,
          0.001803,
          0.017824,
          -0.0,
          -0.002354,
          0.999519,
          0.030931,
          1.413427,
          -0.017759,
          -0.030968,
          0.999363,
          -0.0,
          0.0,
          0.0,
          0.0,
          1.0
        ],
        [
          0.999873,
          0.000294,
          0.015209,
          0.0,
          -0.000575,
          0.999808,
          0.0188,
          1.413427,
          -0.015213,
          -0.018814,
          0.999701,
          0.0,
          0.0,
          0.0,
          0.0,
          1.0
        ],
        [
          0.999897,
          -0.000102,
          0.014204,
          -0.0,
          -0.000109,
          0.999887,
          0.014867,
          1.413427,
          -0.014206,
          -0.014869,
          0.999787,
          0.0,
          0.0,
          0.0,
          0.0,
          1.0
        ]
      ]
    },
    {
      "name": "Tentacle1_3.L",
      "time": [
        0.0,
        0.0333,
        0.0667,
        0.1,
        0.1333,
        0.1667,
        0.2,
        0.2333,
        0.2667,
        0.3,
        0.3333,
        0.3667,
        0.4,
        0.4333
      ],
      "transform": [
        [
          0.999996,
          -8e-06,
          -0.002764,
          0.0,
          0.0,
          0.999996,
          -0.002764,
          1.41333,
          0.002764,
          0.002764,
          0.999992,
          -0.0,
          0.0,
          0.0,
          0.0,
          1.0
        ],
        [
          0.999996,
          -8e-06,
          -0.002764,
          0.0,
          0.0,
          0.999996,
          -0.002764,
          1.41333,
          0.002764,
          0.002764,
          0.999992,
          0.0,
          0.0,
          0.0,
          0.0,
          1.0
        ],
        [
          0.999996,
          -8e-06,
          -0.002764,
          -0.0,
          0.0,
          0.999996,
          -0.002764,
          1.41333,
          0.002764,
          0.002764,
          0.999992,
          0.0,
          0.0,
          0.0,
          0.0,
          1.0
        ],
        [
          0.999996,
          -8e-06,
          -0.002764,
          0.0,
          -0.0,
          0.999996,
          -0.002764,
          1.41333,
          0.002764,
          0.002764,
          0.999992,
          -0.0,
          0.0,
          0.0,
          0.0,
          1.0
        ],
        [
          0.999996,
          -8e-06,
          -0.002764,
          -0.0,
          -0.0,
          0.999996,
          -0.002764,
          1.41333,
          0.002764,
          0.002764,
          0.999992,
          0.0,
          0.0,
          0.0,
          0.0,
          1.0
        ],
        [
          0.999996,
          -8e-06,
          -0.002764,
          -0.0,
          0.0,
          0.999996,
          -0.002764,
          1.41333,
          0.002764,
          0.002764,
          0.999992,
          -0.0,
          0.0,
          0.0,
          0.0,
          1.0
        ],
        [
          0.999996,
          -8e-06,
          -0.002764,
          -0.0,
          0.0,
          0.999996,
          -0.002764,
          1.41333,
          0.002764,
          0.002764,
          0.999992,
          0.0,
          0.0,
          0.0,
          0.0,
          1.0
        ],
        [
          0.999996,
          -8e-06,
          -0.002764,
          -0.0,
          -0.0,
          0.999996,
          -0.002764,
          1.41333,
          0.002764,
          0.002764,
          0.999992,
          -0.0,
          0.0,
          0.0,
          0.0,
          1.0
        ],
        [
          0.999996,
          -8e-06,
          -0.002764,
          -0.0,
          -0.0,
          0.999996,
          -0.002764,
          1.41333,
          0.002764,
          0.002764,
          0.999992,
          -0.0,
          0.0,
          0.0,
          0.0,
          1.0
        ],
        [
          0.999996,
          -8e-06,
          -0.002764,
          -0.0,
          -0.0,
          0.999996,
          -0.002764,
          1.41333,
          0.002764,
          0.002764,
          0.999992,
          0.0,
          0.0,
          0.0,
          0.0,
          1.0
        ],
        [
          0.999996,
          -8e-06,
          -0.002764,
          0.0,
          -0.0,
          0.999996,
          -0.002764,
          1.41333,
          0.002764,
          0.002764,
          0.999992,
          0.0,
          0.0,
          0.0,
          0.0,
          1.0
        ],
        [
          0.999996,
          -8e-06,
          -0.002764,
          0.0,
          -0.0,
          0.999996,
          -0.002764,
          1.41333,
          0.002764,
          0.002764,
          0.999992,
          0.0,
          0.0,
          0.0,
          0.0,
          1.0
        ],
        [
          0.999996,
          -8e-06,
          -0.002764,
          0.0,
          0.0,
          0.999996,
          -0.002764,
          1.41333,
          0.002764,
          0.002764,
          0.999992,
          -0.0,
          0.0,
          0.0,
          0.0,
          1.0
        ],
        [
          0.999996,
          -8e-06,
          -0.002764,
          0.0,
          0.0,
          0.999996,
          -0.002764,
          1.41333,
          0.002764,
          0.002764,
          0.999992,
          -0.0,
          0.0,
          0.0,
          0.0,
          1.0
        ]
      ]
    },
    {
      "name": "Tentacle2_0.L",
      "time": [
        0.0,
        0.0333,
        0.0667,
        0.1,
        0.1333,
        0.1667,
        0.2,
        0.2333,
        0.2667,
        0.3,
        0.3333,
        0.3667,
        0.4,
        0.4333
      ],
      "transform": [
        [
          0.145067,
          -0.859818,
          -0.48956,
          -0.909962,
          0.066393,
          -0.485219,
          0.871868,
          1.740983,
          -0.987192,
          -0.158983,
          -0.013304,
          0.0,
          0.0,
          0.0,
          0.0,
          1.0
        ],
        [
          0.151005,
          -0.846232,
          -0.510968,
          -0.909962,
          0.071409,
          -0.506207,
          0.859451,
          1.740983,
          -0.98595,
          -0.166269,
          -0.016011,
          0.0,
          0.0,
          0.0,
          0.0,
          1.0
        ],
        [
          0.165202,
          -0.809898,
          -0.562827,
          -0.909962,
          0.084532,
          -0.556941,
          0.826239,
          1.740983,
          -0.98263,
          -0.184073,
          -0.023546,
          0.0,
          0.0,
          0.0,
          0.0,
          1.0
        ],
        [
          0.182177,
          -0.757987,
          -0.626312,
          -0.909962,
          0.102702,
          -0.618819,
          0.778791,
          1.740983,
          -0.977887,
          -0.206201,
          -0.034888,
          0.0,
          0.0,
          0.0,
          0.0,
          1.0
        ],
        [
          0.197359,
          -0.701438,
          -0.684861,
          -0.909962,
          0.121918,
          -0.675616,
          0.727103,
          1.740983,
          -0.972721,
          -0.226997,
          -0.047822,
          0.0,
          0.0,
          0.0,
          0.0,
          1.0
        ],
        [
          0.207761,
          -0.655259,
          -0.726272,
          -0.909962,
          0.137261,
          -0.715597,
          0.684894,
          1.740983,
          -0.968501,
          -0.241983,
          -0.058732,
          0.0,
          0.0,
          0.0,
          0.0,
          1.0
        ],
        [
          0.211604,
          -0.636226,
          -0.741916,
          -0.909962,
          0.143507,
          -0.730652,
          0.667497,
          1.740983,
          -0.966762,
          -0.247715,
          -0.063306,
          0.0,
          0.0,
          0.0,
          0.0,
          1.0
        ],
        [
          0.211604,
          -0.636226,
          -0.741916,
          -0.909962,
          0.143507,
          -0.730653,
          0.667497,
          1.740983,
          -0.966762,
          -0.247715,
          -0.063306,
          0.0,
          0.0,
          0.0,
          0.0,
          1.0
        ],
        [
          0.211604,
          -0.636226,
          -0.741916,
          -0.909962,
          0.143507,
          -0.730653,
          0.667497,
          1.740983,
          -0.966762,
          -0.247715,
          -0.063306,
          0.0,
          0.0,
          0.0,
          0.0,
          1.0
        ],
        [
          0.211604,
          -0.636226,
          -0.741916,
          -0.909962,
          0.143507,
          -0.730652,
          0.667497,
          1.740983,
          -0.966762,
          -0.247715,
          -0.063306,
          0.0,
          0.0,
          0.0,
          0.0,
          1.0
        ],
        [
          0.211604,
          -0.636226,
          -0.741916,
          -0.909962,
          0.143507,
          -0.730652,
          0.667497,
          1.740983,
          -0.966762,
          -0.247715,
          -0.063306,
          0.0,
          0.0,
          0.0,
          0.0,
          1.0
        ],
        [
          0.211604,
          -0.636226,
          -0.741916,
          -0.909962,
          0.143507,
          -0.730652,
          0.667497,
          1.740983,
          -0.966762,
          -0.247715,
          -0.063306,
          0.0,
          0.0,
          0.0,
          0.0,
          1.0
        ],
        [
          0.211604,
          -0.636226,
          -0.741916,
          -0.909962,
          0.143507,
          -0.730653,
          0.667497,
          1.740983,
          -0.966762,
          -0.247715,
          -0.063306,
          0.0,
          0.0,
          0.0,
          0.0,
          1.0
        ],
        [
          0.211604,
          -0.636226,
          -0.741916,
          -0.909962,
          0.143507,
          -0.730652,
          0.667497,
          1.740983,
          -0.966762,
          -0.247715,
          -0.063306,
          0.0,
          0.0,
          0.0,
          0.0,
          1.0
        ]
      ]
    },
    {
      "name": "Tentacle2_1.L",
      "time": [
        0.0,
        0.0333,
        0.0667,
        0.1,
        0.1333,
        0.1667,
        0.2,
        0.2333,
        0.2667,
        0.3,
        0.3333,
        0.3667,
        0.4,
        0.4333
      ],
      "transform": [
        [
          0.999997,
          0.000129,
          -0.002174,
          0.0,
          0.000396,
          0.970779,
          0.239974,
          0.995597,
          0.002142,
          -0.239975,
          0.970777,
          -0.0,
          0.0,
          0.0,
          0.0,
          1.0
        ],
        [
          0.999997,
          -0.001301,
          -0.002172,
          -0.0,
          0.001798,
          0.968882,
          0.247517,
          0.995597,
          0.001782,
          -0.247521,
          0.968881,
          0.0,
          0.0,
          0.0,
          0.0,
          1.0
        ],
        [
          0.999992,
          -0.003373,
          -0.002159,
          0.0,
          0.00383,
          0.962776,
          0.270275,
          0.995597,
          0.001167,
          -0.270281,
          0.962781,
          0.0,
          0.0,
          0.0,
          0.0,
          1.0
        ],
        [
          0.999987,
          -0.004506,
          -0.002145,
          0.0,
          0.004944,
          0.952812,
          0.303522,
          0.995597,
          0.000677,
          -0.303529,
          0.952822,
          0.0,
          0.0,
          0.0,
          0.0,
          1.0
        ],
        [
          0.999987,
          -0.004568,
          -0.002144,
          -0.0,
          0.005024,
          0.940759,
          0.339038,
          0.995597,
          0.000468,
          -0.339045,
          0.94077,
          0.0,
          0.0,
          0.0,
          0.0,
          1.0
        ],
        [
          0.999991,
          -0.00357,
          -0.002155,
          0.0,
          0.004113,
          0.929507,
          0.368783,
          0.995597,
          0.000687,
          -0.368789,
          0.929513,
          -0.0,
          0.0,
          0.0,
          0.0,
          1.0
        ],
        [
          0.999997,
          -0.001567,
          -0.002171,
          0.0,
          0.002282,
          0.922878,
          0.385086,
          0.995597,
          0.0014,
          -0.385089,
          0.922878,
          0.0,
          0.0,
          0.0,
          0.0,
          1.0
        ],
        [
          0.999997,
          -9e-05,
          -0.002174,
          -0.0,
          0.000917,
          0.923555,
          0.383463,
          0.995597,
          0.001974,
          -0.383464,
          0.923553,
          0.0,
          0.0,
          0.0,
          0.0,
          1.0
        ],
        [
          0.999996,
          0.000124,
          -0.002174,
          -0.0,
          0.000686,
          0.929538,
          0.368721,
          0.995597,
          0.002065,
          -0.368723,
          0.929537,
          0.0,
          0.0,
          0.0,
          0.0,
          1.0
        ],
        [
          0.999994,
          0.000199,
          -0.002174,
          0.0,
          0.00057,
          0.937672,
          0.347508,
          0.995597,
          0.002104,
          -0.34751,
          0.937673,
          -0.0,
          0.0,
          0.0,
          0.0,
          1.0
        ],
        [
          0.999993,
          0.000229,
          -0.002174,
          -0.0,
          0.000488,
          0.946096,
          0.323871,
          0.995597,
          0.002126,
          -0.323874,
          0.946097,
          -0.0,
          0.0,
          0.0,
          0.0,
          1.0
        ],
        [
          0.999994,
          0.00022,
          -0.002174,
          0.0,
          0.000447,
          0.953376,
          0.30177,
          0.995597,
          0.002135,
          -0.301773,
          0.953376,
          -0.0,
          0.0,
          0.0,
          0.0,
          1.0
        ],
        [
          0.999995,
          0.000167,
          -0.002174,
          -0.0,
          0.00046,
          0.958448,
          0.28526,
          0.995597,
          0.00213,
          -0.285262,
          0.958447,
          -0.0,
          0.0,
          0.0,
          0.0,
          1.0
        ],
        [
          0.999997,
          7.2e-05,
          -0.002174,
          0.0,
          0.000536,
          0.960457,
          0.278431,
          0.995597,
          0.002108,
          -0.278432,
          0.960454,
          0.0,
          0.0,
          0.0,
          0.0,
          1.0
        ]
      ]
    },
    {
      "name": "Tentacle2_2.L",
      "time": [
        0.0,
        0.0333,
        0.0667,
        0.1,
        0.1333,
        0.1667,
        0.2,
        0.2333,
        0.2667,
        0.3,
        0.3333,
        0.3667,
        0.4,
        0.4333
      ],
      "transform": [
        [
          0.998296,
          0.010919,
          0.057175,
          -0.0,
          0.00686,
          0.953326,
          -0.301841,
          1.413076,
          -0.057804,
          0.301717,
          0.951642,
          0.0,
          0.0,
          0.0,
          0.0,
          1.0
        ],
        [
          0.998153,
          0.00945,
          0.060019,
          -0.0,
          0.010333,
          0.947038,
          -0.320956,
          1.413075,
          -0.059873,
          0.320983,
          0.94519,
          1e-06,
          0.0,
          0.0,
          0.0,
          1.0
        ],
        [
          0.997671,
          0.009139,
          0.067586,
          0.0,
          0.015979,
          0.932081,
          -0.361898,
          1.413075,
          -0.066303,
          0.362135,
          0.929764,
          -0.0,
          0.0,
          0.0,
          0.0,
          1.0
        ],
        [
          0.996864,
          0.011614,
          0.078271,
          0.0,
          0.021581,
          0.911765,
          -0.410144,
          1.413075,
          -0.076128,
          0.410547,
          0.908656,
          0.0,
          0.0,
          0.0,
          0.0,
          1.0
        ],
        [
          0.995753,
          0.016673,
          0.090543,
          0.0,
          0.026411,
          0.890396,
          -0.45442,
          1.413076,
          -0.088196,
          0.454881,
          0.886174,
          0.0,
          0.0,
          0.0,
          0.0,
          1.0
        ],
        [
          0.994394,
          0.023468,
          0.103102,
          0.0,
          0.029676,
          0.873933,
          -0.485139,
          1.413075,
          -0.101489,
          0.485479,
          0.868338,
          -0.0,
          0.0,
          0.0,
          0.0,
          1.0
        ],
        [
          0.992894,
          0.030895,
          0.114916,
          -0.0,
          0.030051,
          0.869307,
          -0.493359,
          1.413076,
          -0.115139,
          0.493307,
          0.862201,
          -0.0,
          0.0,
          0.0,
          0.0,
          1.0
        ],
        [
          0.991496,
          0.038161,
          0.124386,
          -0.0,
          0.027531,
          0.872839,
          -0.487225,
          1.413075,
          -0.127164,
          0.486505,
          0.864372,
          -0.0,
          0.0,
          0.0,
          0.0,
          1.0
        ],
        [
          0.990357,
          0.045379,
          0.13089,
          0.0,
          0.023417,
          0.876395,
          -0.481022,
          1.413075,
          -0.13654,
          0.479448,
          0.866883,
          -0.0,
          0.0,
          0.0,
          0.0,
          1.0
        ],
        [
          0.989408,
          0.053168,
          0.135061,
          -0.0,
          0.017378,
          0.880414,
          -0.473885,
          1.413075,
          -0.144105,
          0.471213,
          0.870167,
          -0.0,
          0.0,
          0.0,
          0.0,
          1.0
        ],
        [
          0.988633,
          0.060881,
          0.13746,
          -0.0,
          0.01038,
          0.884509,
