{
  "animation": [
    {
      "name": "Root",
      "time": [
        0.0
      ],
      "transform": [
        [
          1.0,
          0.0,
          0.0,
          0.0,
          0.0,
          0.0,
          -1.0,
          0.0,
          0.0,
          1.0,
          0.0,
          0.0,
          0.0,
          0.0,
          0.0,
          1.0
        ]
      ]
    },
    {
      "name": "Tablet",
      "time": [
        0.0
      ],
      "transform": [
        [
          1.0,
          0.0,
          0.0,
          0.0,
          0.0,
          1.0,
          0.0,
          0.4,
          0.0,
          0.0,
          1.0,
          0.0,
          0.0,
          0.0,
          0.0,
          1.0
        ]
      ]
    },
    {
      "name": "Tentacle1_0.L",
      "time": [
        0.0
      ],
      "transform": [
        [
          0.0,
          -1.0,
          0.0,
          -0.848016,
          -0.0,
          0.0,
          1.0,
          2.615983,
          -1.0,
          0.0,
          -0.0,
          0.0,
          0.0,
          0.0,
          0.0,
          1.0
        ]
      ]
    },
    {
      "name": "Tentacle1_1.L",
      "time": [
        0.0
      ],
      "transform": [
        [
          0.930511,
          -0.271828,
          -0.245478,
          0.0,
          0.284947,
          0.116171,
          0.951478,
          1.057274,
          -0.23012,
          -0.955308,
          0.185555,
          0.0,
          0.0,
          0.0,
          0.0,
          1.0
        ]
      ]
    },
    {
      "name": "Tentacle1_2.L",
      "time": [
        0.0
      ],
      "transform": [
        [
          0.998407,
          0.055309,
          0.011216,
          0.0,
          -0.054235,
          0.995297,
          -0.080269,
          1.413427,
          -0.015603,
          0.079532,
          0.99671,
          -0.0,
          0.0,
          0.0,
          0.0,
          1.0
        ]
      ]
    },
    {
      "name": "Tentacle1_3.L",
      "time": [
        0.0
      ],
      "transform": [
        [
          0.999996,
          -8e-06,
          -0.002764,
          0.0,
          -0.0,
          0.999996,
          -0.002764,
          1.41333,
          0.002764,
          0.002764,
          0.999992,
          0.0,
          0.0,
          0.0,
          0.0,
          1.0
        ]
      ]
    },
    {
      "name": "Tentacle2_0.L",
      "time": [
        0.0
      ],
      "transform": [
        [
          0.0,
          -1.0,
          0.0,
          -0.909962,
          -0.0,
          0.0,
          1.0,
          1.740983,
          -1.0,
          0.0,
          -0.0,
          0.0,
          0.0,
          0.0,
          0.0,
          1.0
        ]
      ]
    },
    {
      "name": "Tentacle2_1.L",
      "time": [
        0.0
      ],
      "transform": [
        [
          0.908051,
          0.348828,
          0.23187,
          0.0,
          -0.347419,
          0.318014,
          0.882138,
          0.995597,
          0.233977,
          -0.881582,
          0.409962,
          0.0,
          0.0,
          0.0,
          0.0,
          1.0
        ]
      ]
    },
    {
      "name": "Tentacle2_2.L",
      "time": [
        0.0
      ],
      "transform": [
        [
          0.999886,
          -0.012946,
          0.007731,
          -0.0,
          0.014973,
          0.913082,
          -0.4075,
          1.413075,
          -0.001784,
          0.40757,
          0.913172,
          0.0,
          0.0,
          0.0,
          0.0,
          1.0
        ]
      ]
    },
    {
      "name": "Tentacle2_3.L",
      "time": [
        0.0
      ],
      "transform": [
        [
          0.999996,
          -8e-06,
          -0.002765,
          -0.0,
          0.0,
          0.999996,
          -0.002765,
          1.413327,
          0.002765,
          0.002765,
          0.999992,
          0.0,
          0.0,
          0.0,
          0.0,
          1.0
        ]
      ]
    },
    {
      "name": "Tentacle3_0.L",
      "time": [
        0.0
      ],
      "transform": [
        [
          0.0,
          -1.0,
          0.0,
          -0.972423,
          0.0,
          0.0,
          1.0,
          0.858281,
          -1.0,
          0.0,
          0.0,
          0.0,
          0.0,
          0.0,
          0.0,
          1.0
        ]
      ]
    },
    {
      "name": "Tentacle3_1.L",
      "time": [
        0.0
      ],
      "transform": [
        [
          0.70427,
          0.662233,
          0.255835,
          -0.0,
          -0.660173,
          0.478368,
          0.579082,
          1.058051,
          0.261104,
          -0.576725,
          0.774089,
          0.0,
          0.0,
          0.0,
          0.0,
          1.0
        ]
      ]
    },
    {
      "name": "Tentacle3_2.L",
      "time": [
        0.0
      ],
      "transform": [
        [
          0.99602,
          -0.086267,
          0.022419,
          -0.0,
          0.08816,
          0.916435,
          -0.390351,
          1.413108,
          0.013129,
          0.390774,
          0.920393,
          0.0,
          0.0,
          0.0,
          0.0,
          1.0
        ]
      ]
    },
    {
      "name": "Tentacle3_3.L",
      "time": [
        0.0
      ],
      "transform": [
        [
          0.999998,
          -3e-06,
          0.00183,
          -0.0,
          -0.0,
          0.999998,
          0.00183,
          1.413324,
          -0.00183,
          -0.00183,
          0.999997,
          0.0,
          0.0,
          0.0,
          0.0,
          1.0
        ]
      ]
    },
    {
      "name": "Tentacle1_0.R",
      "time": [
        0.0
      ],
      "transform": [
        [
          0.0,
          1.0,
          0.0,
          0.848016,
          0.0,
          0.0,
          1.0,
          2.615983,
          1.0,
          0.0,
          -0.0,
          0.0,
          0.0,
          0.0,
          0.0,
          1.0
        ]
      ]
    },
    {
      "name": "Tentacle1_1.R",
      "time": [
        0.0
      ],
      "transform": [
        [
          0.999926,
          -0.011847,
          0.002698,
          0.0,
          0.001566,
          0.345837,
          0.938294,
          1.057274,
          -0.012049,
          -0.93822,
          0.34583,
          0.0,
          0.0,
          0.0,
          0.0,
          1.0
        ]
      ]
    },
    {
      "name": "Tentacle1_2.R",
      "time": [
        0.0
      ],
      "transform": [
        [
          0.980111,
          0.1961,
          -0.030442,
          0.0,
          -0.198448,
          0.968113,
          -0.152891,
          1.413427,
          -0.000511,
          0.155891,
          0.987774,
          -0.0,
          0.0,
          0.0,
          0.0,
          1.0
        ]
      ]
    },
    {
      "name": "Tentacle1_3.R",
      "time": [
        0.0
      ],
      "transform": [
        [
          0.999996,
          8e-06,
          0.002764,
          0.0,
          0.0,
          0.999996,
          -0.002764,
          1.41333,
          -0.002764,
          0.002764,
          0.999992,
          -0.0,
          0.0,
          0.0,
          0.0,
          1.0
        ]
      ]
    },
    {
      "name": "Tentacle2_0.R",
      "time": [
        0.0
      ],
      "transform": [
        [
          0.0,
          1.0,
          0.0,
          0.909962,
          0.0,
          0.0,
          1.0,
          1.740983,
          1.0,
          0.0,
          -0.0,
          0.0,
          0.0,
          0.0,
          0.0,
          1.0
        ]
      ]
    },
    {
      "name": "Tentacle2_1.R",
      "time": [
        0.0
      ],
      "transform": [
        [
          0.946909,
          -0.288995,
          -0.140871,
          0.0,
          0.287625,
          0.565711,
          0.772815,
          0.995597,
          -0.143647,
          -0.772304,
          0.618799,
          0.0,
          0.0,
          0.0,
          0.0,
          1.0
        ]
      ]
    },
    {
      "name": "Tentacle2_2.R",
      "time": [
        0.0
      ],
      "transform": [
        [
          0.97506,
          0.218486,
          -0.039002,
          -0.0,
          -0.220116,
          0.929519,
          -0.295875,
          1.413075,
          -0.028391,
          0.297081,
          0.95443,
          -0.0,
          0.0,
          0.0,
          0.0,
          1.0
        ]
      ]
    },
    {
      "name": "Tentacle2_3.R",
      "time": [
        0.0
      ],
      "transform": [
        [
          0.999996,
          8e-06,
          0.002765,
          0.0,
          0.0,
          0.999996,
          -0.002765,
          1.413327,
          -0.002765,
          0.002765,
          0.999992,
          0.0,
          0.0,
          0.0,
          0.0,
          1.0
        ]
      ]
    },
    {
      "name": "Tentacle3_0.R",
      "time": [
        0.0
      ],
      "transform": [
        [
          0.0,
          1.0,
          -0.0,
          0.972423,
          -0.0,
          0.0,
          1.0,
          0.858281,
          1.0,
          0.0,
          0.0,
          0.0,
          0.0,
          0.0,
          0.0,
          1.0
        ]
      ]
    },
    {
      "name": "Tentacle3_1.R",
      "time": [
        0.0
      ],
      "transform": [
        [
          0.850835,
          0.503362,
          0.150687,
          0.0,
          -0.50743,
          0.71274,
          0.484268,
          1.058051,
          0.136362,
          -0.488495,
          0.861845,
          0.0,
          0.0,
          0.0,
          0.0,
          1.0
        ]
      ]
    },
    {
      "name": "Tentacle3_2.R",
      "time": [
        0.0
      ],
      "transform": [
        [
          0.717557,
          -0.695263,
          0.041488,
          -0.0,
          0.694966,
          0.710755,
          -0.108856,
          1.413108,
          0.046196,
          0.106943,
          0.993191,
          -0.0,
          0.0,
          0.0,
          0.0,
          1.0
        ]
      ]
    },
    {
      "name": "Tentacle3_3.R",
      "time": [
        0.0
      ],
      "transform": [
        [
          0.999998,
          3e-06,
          -0.00183,
          -0.0,
          -0.0,
          0.999998,
          0.00183,
          1.413325,
          0.00183,
          -0.00183,
          0.999997,
          -0.0,
          0.0,
          0.0,
          0.0,
          1.0
        ]
      ]
    },
    {
      "name": "Rock",
      "time": [
        0.0
      ],
      "transform": [
        [
          1.0,
          0.0,
          0.0,
          0.0,
          0.0,
          1.0,
          0.0,
          0.0,
          0.0,
          0.0,
          1.0,
          0.0,
          0.0,
          0.0,
          0.0,
          1.0
        ]
      ]
    }
  ],
  "fps": 30.0
}