{
  "animation": [
    {
      "name": "Root",
      "time": [
        0.0,
        2.0
      ],
      "transform": [
        [
          1.0,
          0.0,
          0.0,
          0.0,
          0.0,
          0.0,
          -1.0,
          0.0,
          0.0,
          1.0,
          0.0,
          0.0,
          0.0,
          0.0,
          0.0,
          1.0
        ],
        [
          1.0,
          0.0,
          0.0,
          0.0,
          0.0,
          0.0,
          -1.0,
          0.0,
          0.0,
          1.0,
          0.0,
          0.0,
          0.0,
          0.0,
          0.0,
          1.0
        ]
      ]
    },
    {
      "name": "Tablet",
      "time": [
        0.0,
        2.0
      ],
      "transform": [
        [
          1.0,
          0.0,
          0.0,
          0.0,
          0.0,
          1.0,
          0.0,
          0.4,
          0.0,
          0.0,
          1.0,
          0.0,
          0.0,
          0.0,
          0.0,
          1.0
        ],
        [
          1.0,
          0.0,
          0.0,
          0.0,
          0.0,
          1.0,
          0.0,
          0.4,
          0.0,
          0.0,
          1.0,
          0.0,
          0.0,
          0.0,
          0.0,
          1.0
        ]
      ]
    },
    {
      "name": "Tentacle1_0.L",
      "time": [
        0.0,
        0.0333,
        0.0667,
        0.1,
        0.1333,
        0.1667,
        0.2,
        0.2333,
        0.2667,
        0.3,
        0.3333,
        0.3667,
        0.4,
        0.4333,
        0.4667,
        0.5,
        0.5333,
        0.5667,
        0.6,
        0.6333,
        0.6667,
        0.7,
        0.7333,
        0.7667,
        0.8,
        0.8333,
        0.8667,
        0.9,
        0.9333,
        0.9667,
        1.0,
        1.0333,
        1.0667,
        1.1,
        1.1333,
        1.1667,
        1.2,
        1.2333,
        1.2667,
        1.3,
        1.3333,
        1.3667,
        1.4,
        1.4333,
        1.4667,
        1.5,
        1.5333,
        1.5667,
        1.6,
        1.6333,
        1.6667,
        1.7,
        1.7333,
        1.7667,
        1.8,
        1.8333,
        1.8667,
        1.9,
        1.9333,
        1.9667,
        2.0
      ],
      "transform": [
        [
          0.0,
          -0.342572,
          0.0,
          0.974624,
          -0.0,
          0.0,
          0.342572,
          2.615983,
          -0.342572,
          0.0,
          -0.0,
          0.0,
          0.0,
          0.0,
          0.0,
          1.0
        ],
        [
          0.000223,
          -0.343113,
          -0.000108,
          0.973122,
          4.1e-05,
          -0.000107,
          0.343113,
          2.615983,
          -0.343113,
          -0.000223,
          4.1e-05,
          0.0,
          0.0,
          0.0,
          0.0,
          1.0
        ],
        [
          0.000868,
          -0.344713,
          -0.000419,
          0.968683,
          0.00016,
          -0.000418,
          0.344714,
          2.615983,
          -0.344713,
          -0.000868,
          0.000159,
          0.0,
          0.0,
          0.0,
          0.0,
          1.0
        ],
        [
          0.001903,
          -0.347332,
          -0.000919,
          0.961409,
          0.000352,
          -0.000917,
          0.347337,
          2.615983,
          -0.347333,
          -0.001904,
          0.000346,
          0.0,
          0.0,
          0.0,
          0.0,
          1.0
        ],
        [
          0.003302,
          -0.350929,
          -0.001595,
          0.951402,
          0.000613,
          -0.00159,
          0.350944,
          2.615983,
          -0.350932,
          -0.003305,
          0.000598,
          0.0,
          0.0,
          0.0,
          0.0,
          1.0
        ],
        [
          0.005042,
          -0.355463,
          -0.002439,
          0.938761,
          0.000942,
          -0.002426,
          0.355498,
          2.615983,
          -0.35547,
          -0.005049,
          0.000908,
          0.0,
          0.0,
          0.0,
          0.0,
          1.0
        ],
        [
          0.007102,
          -0.360893,
          -0.00344,
          0.92359,
          0.001337,
          -0.003414,
          0.360961,
          2.615983,
          -0.360907,
          -0.007115,
          0.00127,
          0.0,
          0.0,
          0.0,
          0.0,
          1.0
        ],
        [
          0.009463,
          -0.367178,
          -0.00459,
          0.905988,
          0.001796,
          -0.004545,
          0.367296,
          2.615983,
          -0.367202,
          -0.009484,
          0.001678,
          0.0,
          0.0,
          0.0,
          0.0,
          1.0
        ],
        [
          0.012102,
          -0.374276,
          -0.005879,
          0.886057,
          0.002317,
          -0.005807,
          0.374466,
          2.615983,
          -0.374315,
          -0.012137,
          0.002128,
          0.0,
          0.0,
          0.0,
          0.0,
          1.0
        ],
        [
          0.014998,
          -0.382147,
          -0.007297,
          0.863898,
          0.002897,
          -0.007189,
          0.382432,
          2.615983,
          -0.382205,
          -0.01505,
          0.002612,
          0.0,
          0.0,
          0.0,
          0.0,
          1.0
        ],
        [
          0.018126,
          -0.39075,
          -0.008834,
          0.839613,
          0.003534,
          -0.008679,
          0.391158,
          2.615983,
          -0.390834,
          -0.018201,
          0.003127,
          0.0,
          0.0,
          0.0,
          0.0,
          1.0
        ],
        [
          0.021457,
          -0.400048,
          -0.010475,
          0.813303,
          0.004222,
          -0.010263,
          0.400606,
          2.615983,
          -0.400163,
          -0.02156,
          0.003665,
          0.0,
          0.0,
          0.0,
          0.0,
          1.0
        ],
        [
          0.024958,
          -0.410004,
          -0.012205,
          0.785069,
          0.004956,
          -0.011925,
          0.410741,
          2.615983,
          -0.410156,
          -0.025093,
          0.004221,
          0.0,
          0.0,
          0.0,
          0.0,
          1.0
        ],
        [
          0.028591,
          -0.420582,
          -0.014004,
          0.755012,
          0.005729,
          -0.013646,
          0.421526,
          2.615983,
          -0.420777,
          -0.028763,
          0.004787,
          0.0,
          0.0,
          0.0,
          0.0,
          1.0
        ],
        [
          0.03231,
          -0.431751,
          -0.015851,
          0.723234,
          0.00653,
          -0.015406,
          0.432925,
          2.615983,
          -0.431992,
          -0.032525,
          0.005358,
          0.0,
          0.0,
          0.0,
          0.0,
          1.0
        ],
        [
          0.036065,
          -0.443478,
          -0.01772,
          0.689836,
          0.007347,
          -0.017179,
          0.444903,
          2.615983,
          -0.443771,
          -0.036326,
          0.005926,
          0.0,
          0.0,
          0.0,
          0.0,
          1.0
        ],
        [
          0.039798,
          -0.455736,
          -0.019581,
          0.654919,
          0.008168,
          -0.018941,
          0.457425,
          2.615983,
          -0.456083,
          -0.040107,
          0.006483,
          0.0,
          0.0,
          0.0,
          0.0,
          1.0
        ],
        [
          0.043444,
          -0.468499,
          -0.021402,
          0.618584,
          0.008975,
          -0.020659,
          0.470457,
          2.615983,
          -0.468902,
          -0.043802,
          0.007022,
          0.0,
          0.0,
          0.0,
          0.0,
          1.0
        ],
        [
          0.046928,
          -0.481743,
          -0.023143,
          0.580933,
          0.00975,
          -0.0223,
          0.483965,
          2.615983,
          -0.4822,
          -0.047334,
          0.007533,
          0.0,
          0.0,
          0.0,
          0.0,
          1.0
        ],
        [
          0.050169,
          -0.495446,
          -0.024764,
          0.542067,
          0.010472,
          -0.023827,
          0.497915,
          2.615983,
          -0.495954,
          -0.050621,
          0.008008,
          0.0,
          0.0,
          0.0,
          0.0,
          1.0
        ],
        [
          0.053076,
          -0.509589,
          -0.026216,
          0.502087,
          0.011117,
          -0.025196,
          0.512276,
          2.615983,
          -0.510142,
          -0.053567,
          0.008436,
          0.0,
          0.0,
          0.0,
          0.0,
          1.0
        ],
        [
          0.055548,
          -0.524153,
          -0.027449,
          0.461095,
          0.011661,
          -0.026363,
          0.527014,
          2.615983,
          -0.524741,
          -0.056072,
          0.008805,
          0.0,
          0.0,
          0.0,
          0.0,
          1.0
        ],
        [
          0.057476,
          -0.539118,
          -0.028406,
          0.419191,
          0.012074,
          -0.027275,
          0.542097,
          2.615983,
          -0.539731,
          -0.058021,
          0.009102,
          0.0,
          0.0,
          0.0,
          0.0,
          1.0
        ],
        [
          0.058739,
          -0.554466,
          -0.029025,
          0.376477,
          0.01233,
          -0.027877,
          0.557491,
          2.615983,
          -0.555088,
          -0.059292,
          0.009312,
          0.0,
          0.0,
          0.0,
          0.0,
          1.0
        ],
        [
          0.059205,
          -0.570175,
          -0.029242,
          0.333054,
          0.012396,
          -0.028108,
          0.573164,
          2.615983,
          -0.57079,
          -0.059752,
          0.009415,
          0.0,
          0.0,
          0.0,
          0.0,
          1.0
        ],
        [
          0.058733,
          -0.586221,
          -0.028984,
          0.289024,
          0.012244,
          -0.027899,
          0.589081,
          2.615983,
          -0.586809,
          -0.059256,
          0.00939,
          0.0,
          0.0,
          0.0,
          0.0,
          1.0
        ],
        [
          0.057168,
          -0.602571,
          -0.028177,
          0.244487,
          0.011841,
          -0.027177,
          0.605207,
          2.615983,
          -0.603113,
          -0.05765,
          0.009211,
          0.0,
          0.0,
          0.0,
          0.0,
          1.0
        ],
        [
          0.054343,
          -0.619188,
          -0.02674,
          0.199546,
          0.011159,
          -0.025861,
          0.621505,
          2.615983,
          -0.619665,
          -0.054766,
          0.008847,
          0.0,
          0.0,
          0.0,
          0.0,
          1.0
        ],
        [
          0.050078,
          -0.636021,
          -0.02459,
          0.154301,
          0.01017,
          -0.023864,
          0.637936,
          2.615983,
          -0.636415,
          -0.050429,
          0.008259,
          0.0,
          0.0,
          0.0,
          0.0,
          1.0
        ],
        [
          0.044182,
          -0.653006,
          -0.02164,
          0.108853,
          0.008849,
          -0.021089,
          0.654457,
          2.615983,
          -0.653304,
          -0.044448,
          0.007401,
          0.0,
          0.0,
          0.0,
          0.0,
          1.0
        ],
        [
          0.036449,
          -0.670059,
          -0.017797,
          0.063304,
          0.007179,
          -0.017432,
          0.671021,
          2.615983,
          -0.670257,
          -0.036625,
          0.00622,
          0.0,
          0.0,
          0.0,
          0.0,
          1.0
        ],
        [
          0.026662,
          -0.687076,
          -0.012971,
          0.017755,
          0.005147,
          -0.012781,
          0.687577,
          2.615983,
          -0.687179,
          -0.026754,
          0.004647,
          0.0,
          0.0,
          0.0,
          0.0,
          1.0
        ],
        [
          0.014592,
          -0.703922,
          -0.007069,
          -0.027694,
          0.002751,
          -0.007014,
          0.704068,
          2.615983,
          -0.703952,
          -0.014619,
          0.002605,
          0.0,
          0.0,
          0.0,
          0.0,
          1.0
        ],
        [
          0.0,
          -0.720429,
          0.0,
          -0.072939,
          -0.0,
          0.0,
          0.720429,
          2.615983,
          -0.720429,
          0.0,
          -0.0,
          0.0,
          0.0,
          0.0,
          0.0,
          1.0
        ],
        [
          -0.017312,
          -0.736389,
          0.0083,
          -0.11788,
          -0.003073,
          0.008375,
          0.736585,
          2.615983,
          -0.736429,
          0.017276,
          -0.003269,
          0.0,
          0.0,
          0.0,
          0.0,
          1.0
        ],
        [
          -0.037345,
          -0.751566,
          0.017795,
          -0.162417,
          -0.006387,
          0.018134,
          0.752458,
          2.615983,
          -0.751749,
          0.037182,
          -0.007277,
          0.0,
          0.0,
          0.0,
          0.0,
          1.0
        ],
        [
          -0.06002,
          -0.765711,
          0.028408,
          -0.206447,
          -0.009843,
          0.029264,
          0.767965,
          2.615983,
          -0.766175,
          0.059607,
          -0.012091,
          0.0,
          0.0,
          0.0,
          0.0,
          1.0
        ],
        [
          -0.085218,
          -0.778575,
          0.040043,
          -0.24987,
          -0.013332,
          0.041731,
          0.783023,
          2.615983,
          -0.77949,
          0.084404,
          -0.01777,
          0.0,
          0.0,
          0.0,
          0.0,
          1.0
        ],
        [
          -0.112778,
          -0.789914,
          0.052584,
          -0.292584,
          -0.01674,
          0.055483,
          0.797552,
          2.615983,
          -0.791485,
          0.111381,
          -0.024361,
          0.0,
          0.0,
          0.0,
          0.0,
          1.0
        ],
        [
          -0.142494,
          -0.799501,
          0.065897,
          -0.334487,
          -0.019954,
          0.07044,
          0.811474,
          2.615983,
          -0.801964,
          0.140304,
          -0.031899,
          0.0,
          0.0,
          0.0,
          0.0,
          1.0
        ],
        [
          -0.174116,
          -0.807139,
          0.079831,
          -0.37548,
          -0.022861,
          0.086501,
          0.824717,
          2.615983,
          -0.810755,
          0.170901,
          -0.0404,
          0.0,
          0.0,
          0.0,
          0.0,
          1.0
        ],
        [
          -0.207353,
          -0.812664,
          0.094223,
          -0.41546,
          -0.025359,
          0.10354,
          0.837217,
          2.615983,
          -0.817715,
          0.202861,
          -0.049856,
          0.0,
          0.0,
          0.0,
          0.0,
          1.0
        ],
        [
          -0.241875,
          -0.815962,
          0.1089,
          -0.454326,
          -0.027354,
          0.121408,
          0.848922,
          2.615983,
          -0.822742,
          0.235845,
          -0.060239,
          0.0,
          0.0,
          0.0,
          0.0,
          1.0
        ],
        [
          -0.277323,
          -0.81697,
          0.123685,
          -0.491977,
          -0.02877,
          0.139933,
          0.859788,
          2.615983,
          -0.825778,
          0.269489,
          -0.071492,
          0.0,
          0.0,
          0.0,
          0.0,
          1.0
        ],
        [
          -0.313314,
          -0.815686,
          0.138398,
          -0.528312,
          -0.029551,
          0.158928,
          0.869788,
          2.615983,
          -0.826815,
          0.303416,
          -0.083531,
          0.0,
          0.0,
          0.0,
          0.0,
          1.0
        ],
        [
          -0.349454,
          -0.81217,
          0.152866,
          -0.563229,
          -0.029663,
          0.17819,
          0.878905,
          2.615983,
          -0.825898,
          0.337245,
          -0.096247,
          0.0,
          0.0,
          0.0,
          0.0,
          1.0
        ],
        [
          -0.385342,
          -0.806546,
          0.166928,
          -0.596627,
          -0.029098,
          0.19751,
          0.887137,
          2.615983,
          -0.823125,
          0.370598,
          -0.109508,
          0.0,
          0.0,
          0.0,
          0.0,
          1.0
        ],
        [
          -0.420585,
          -0.798999,
          0.180433,
          -0.628405,
          -0.027874,
          0.216672,
          0.894496,
          2.615983,
          -0.818644,
          0.403114,
          -0.123156,
          0.0,
          0.0,
          0.0,
          0.0,
          1.0
        ],
        [
          -0.454804,
          -0.78977,
          0.19325,
          -0.658462,
          -0.026034,
          0.235461,
          0.901005,
          2.615983,
          -0.812653,
          0.434454,
          -0.137017,
          0.0,
          0.0,
          0.0,
          0.0,
          1.0
        ],
        [
          -0.487642,
          -0.779153,
          0.205268,
          -0.686696,
          -0.023644,
          0.253668,
          0.906699,
          2.615983,
          -0.805391,
          0.464309,
          -0.150902,
          0.0,
          0.0,
          0.0,
          0.0,
          1.0
        ],
        [
          -0.518771,
          -0.767479,
          0.216394,
          -0.713006,
          -0.020795,
          0.271091,
          0.91162,
          2.615983,
          -0.797132,
          0.492402,
          -0.16461,
          0.0,
          0.0,
          0.0,
          0.0,
          1.0
        ],
        [
          -0.547893,
          -0.755117,
          0.226561,
          -0.737291,
          -0.017594,
          0.287543,
          0.91582,
          2.615983,
          -0.788176,
          0.518493,
          -0.177935,
          0.0,
          0.0,
          0.0,
          0.0,
          1.0
        ],
        [
          -0.574742,
          -0.742453,
          0.235718,
          -0.75945,
          -0.014165,
          0.302846,
          0.919354,
          2.615983,
          -0.778845,
          0.542379,
          -0.190666,
          0.0,
          0.0,
          0.0,
          0.0,
          1.0
        ],
        [
          -0.599085,
          -0.729891,
          0.243832,
          -0.77938,
          -0.010642,
          0.316838,
          0.922279,
          2.615983,
          -0.769469,
          0.56389,
          -0.202596,
          0.0,
          0.0,
          0.0,
          0.0,
          1.0
        ],
        [
          -0.620719,
          -0.717835,
          0.250887,
          -0.796982,
          -0.007167,
          0.329369,
          0.924655,
          2.615983,
          -0.760381,
          0.582883,
          -0.213521,
          0.0,
          0.0,
          0.0,
          0.0,
          1.0
        ],
        [
          -0.639461,
          -0.706684,
          0.256874,
          -0.812154,
          -0.003882,
          0.340303,
          0.926539,
          2.615983,
          -0.751912,
          0.59924,
          -0.223241,
          0.0,
          0.0,
          0.0,
          0.0,
          1.0
        ],
        [
          -0.655148,
          -0.696823,
          0.261793,
          -0.824794,
          -0.000928,
          0.349512,
          0.927986,
          2.615983,
          -0.744377,
          0.612859,
          -0.231569,
          0.0,
          0.0,
          0.0,
          0.0,
          1.0
        ],
        [
          -0.667628,
          -0.688619,
          0.265643,
          -0.834802,
          0.001561,
          0.356878,
          0.929046,
          2.615983,
          -0.738079,
          0.623644,
          -0.238323,
          0.0,
          0.0,
          0.0,
          0.0,
          1.0
        ],
        [
          -0.676749,
          -0.682408,
          0.26842,
          -0.842076,
          0.00346,
          0.362284,
          0.929762,
          2.615983,
          -0.733293,
          0.631497,
          -0.243335,
          0.0,
          0.0,
          0.0,
          0.0,
          1.0
        ],
        [
          -0.682351,
          -0.678494,
          0.27011,
          -0.846514,
          0.004663,
          0.365615,
          0.930173,
          2.615983,
          -0.730268,
          0.636309,
          -0.246447,
          0.0,
          0.0,
          0.0,
          0.0,
          1.0
        ],
        [
          -0.684261,
          -0.677139,
          0.270683,
          -0.848016,
          0.00508,
          0.366752,
          0.930305,
          2.615983,
          -0.729219,
          0.637947,
          -0.247515,
          0.0,
          0.0,
          0.0,
          0.0,
          1.0
        ]
      ]
    },
    {
      "name": "Tentacle1_1.L",
      "time": [
        0.0,
        0.0333,
        0.0667,
        0.1,
        0.1333,
        0.1667,
        0.2,
        0.2333,
        0.2667,
        0.3,
        0.3333,
        0.3667,
        0.4,
        0.4333,
        0.4667,
        0.5,
        0.5333,
        0.5667,
        0.6,
        0.6333,
        0.6667,
        0.7,
        0.7333,
        0.7667,
        0.8,
        0.8333,
        0.8667,
        0.9,
        0.9333,
        0.9667,
        1.0,
        1.0333,
        1.0667,
        1.1,
        1.1333,
        1.1667,
        1.2,
        1.2333,
        1.2667,
        1.3,
        1.3333,
        1.3667,
        1.4,
        1.4333,
        1.4667,
        1.5,
        1.5333,
        1.5667,
        1.6,
        1.6333,
        1.6667,
        1.7,
        1.7333,
        1.7667,
        1.8,
        1.8333,
        1.8667,
        1.9,
        1.9333,
        1.9667,
        2.0
      ],
      "transform": [
        [
          0.993252,
          -0.110857,
          -0.034082,
          0.0,
          0.115388,
          0.914953,
          0.386712,
          1.057274,
          -0.011686,
          -0.388035,
          0.921571,
          0.0,
          0.0,
          0.0,
          0.0,
          1.0
        ],
        [
          0.99478,
          -0.097945,
          -0.028638,
          0.0,
          0.101862,
          0.936253,
          0.336237,
          1.057273,
          -0.00612,
          -0.337399,
          0.941342,
          -1e-06,
          0.0,
          0.0,
          0.0,
          1.0
        ],
        [
          0.995713,
          -0.089055,
          -0.024994,
          -0.0,
          0.092467,
          0.951606,
          0.29308,
          1.057274,
          -0.002315,
          -0.294134,
          0.955761,
          -0.0,
          0.0,
          0.0,
          0.0,
          1.0
        ],
        [
          0.996258,
          -0.083441,
          -0.02255,
          -0.0,
          0.086434,
          0.962776,
          0.256109,
          1.057274,
          0.000341,
          -0.257099,
          0.966385,
          -0.0,
          0.0,
          0.0,
          0.0,
          1.0
        ],
        [
          0.99654,
          -0.080446,
          -0.020903,
          -0.0,
          0.083087,
          0.970965,
          0.22433,
          1.057274,
          0.002249,
          -0.225291,
          0.974289,
          1e-06,
          0.0,
          0.0,
          0.0,
          1.0
        ],
        [
          0.996639,
          -0.079503,
          -0.019784,
          -0.0,
          0.081845,
          0.976999,
          0.196914,
          1.057274,
          0.003674,
          -0.197872,
          0.980221,
          -0.0,
          0.0,
          0.0,
          0.0,
          1.0
        ],
        [
          0.996604,
          -0.080118,
          -0.019015,
          0.0,
          0.082205,
          0.981452,
          0.173186,
          1.057274,
          0.004787,
          -0.174161,
          0.984705,
          -1e-06,
          0.0,
          0.0,
          0.0,
          1.0
        ],
        [
          0.996472,
          -0.08187,
          -0.018473,
          0.0,
          0.083734,
          0.984733,
          0.15261,
          1.057274,
          0.005697,
          -0.153618,
          0.988114,
          -0.0,
          0.0,
          0.0,
          0.0,
          1.0
        ],
        [
          0.996269,
          -0.084386,
          -0.018082,
          0.0,
          0.086058,
          0.987133,
          0.134769,
          1.057274,
          0.006477,
          -0.135822,
          0.990712,
          0.0,
          0.0,
          0.0,
          0.0,
          1.0
        ],
        [
          0.996019,
          -0.087342,
          -0.01779,
          0.0,
          0.088847,
          0.98887,
          0.119339,
          1.057274,
          0.007168,
          -0.120444,
          0.992694,
          1e-06,
          0.0,
          0.0,
          0.0,
          1.0
        ],
        [
          0.995746,
          -0.090451,
          -0.017567,
          -0.0,
          0.091811,
          0.99011,
          0.106078,
          1.057274,
          0.007798,
          -0.107239,
          0.994203,
          -0.0,
          0.0,
          0.0,
          0.0,
          1.0
        ],
        [
          0.995472,
          -0.093457,
          -0.017398,
          0.0,
          0.094693,
          0.990982,
          0.094803,
          1.057274,
          0.008381,
          -0.096021,
          0.995344,
          0.0,
          0.0,
          0.0,
          0.0,
          1.0
        ],
        [
          0.995219,
          -0.096132,
          -0.017277,
          -0.0,
          0.097264,
          0.99159,
          0.08538,
          1.057274,
          0.008924,
          -0.086653,
          0.996199,
          1e-06,
          0.0,
          0.0,
          0.0,
          1.0
        ],
        [
          0.99501,
          -0.098274,
          -0.017206,
          0.0,
          0.099322,
          0.992016,
          0.077712,
          1.057274,
          0.009432,
          -0.079033,
          0.996828,
          1e-06,
          0.0,
          0.0,
          0.0,
          1.0
        ],
        [
          0.994869,
          -0.099702,
          -0.017191,
          0.0,
          0.100687,
          0.992329,
          0.071725,
          1.057274,
          0.009908,
          -0.073088,
          0.997276,
          1e-06,
          0.0,
          0.0,
          0.0,
          1.0
        ],
        [
          0.994812,
          -0.100259,
          -0.017239,
          0.0,
          0.101202,
          0.992583,
          0.067369,
          1.057274,
          0.010357,
          -0.068764,
          0.997579,
          -1e-06,
          0.0,
          0.0,
          0.0,
          1.0
        ],
        [
          0.994855,
          -0.099808,
          -0.01736,
          -0.0,
          0.10073,
          0.992814,
          0.064603,
          1.057274,
          0.010787,
          -0.066019,
          0.99776,
          -1e-06,
          0.0,
          0.0,
          0.0,
          1.0
        ],
        [
          0.995009,
          -0.098227,
          -0.01756,
          0.0,
          0.099153,
          0.993051,
          0.063392,
          1.057274,
          0.011211,
          -0.064817,
          0.997834,
          -0.0,
          0.0,
          0.0,
          0.0,
          1.0
        ],
        [
          0.995277,
          -0.095421,
          -0.017845,
          0.0,
          0.096374,
          0.993304,
          0.06371,
          1.057274,
          0.011646,
          -0.065129,
          0.997809,
          0.0,
          0.0,
          0.0,
          0.0,
          1.0
        ],
        [
          0.995657,
          -0.091301,
          -0.018215,
          0.0,
          0.092309,
          0.993572,
          0.065526,
          1.057274,
          0.012115,
          -0.066923,
          0.997685,
          0.0,
          0.0,
          0.0,
          0.0,
          1.0
        ],
        [
          0.996137,
          -0.085804,
          -0.018668,
          -0.0,
          0.086896,
          0.993838,
          0.068809,
          1.057274,
          0.012649,
          -0.070165,
          0.997455,
          -1e-06,
          0.0,
          0.0,
          0.0,
          1.0
        ],
        [
          0.9967,
          -0.078877,
          -0.019194,
          0.0,
          0.080085,
          0.994073,
          0.073523,
          1.057274,
          0.013281,
          -0.074818,
          0.997109,
          -0.0,
          0.0,
          0.0,
          0.0,
          1.0
        ],
        [
          0.997317,
          -0.070481,
          -0.019781,
          0.0,
          0.071842,
          0.994232,
          0.079631,
          1.057274,
          0.014054,
          -0.080839,
          0.996628,
          -1e-06,
          0.0,
          0.0,
          0.0,
          1.0
        ],
        [
          0.997954,
          -0.060593,
          -0.020409,
          0.0,
          0.062149,
          0.99426,
          0.087087,
          1.057274,
          0.015015,
          -0.088177,
          0.995991,
          0.0,
          0.0,
          0.0,
          0.0,
          1.0
        ],
        [
          0.998567,
          -0.0492,
          -0.021055,
          0.0,
          0.051,
          0.994089,
          0.095841,
          1.057274,
          0.016215,
          -0.096777,
          0.995174,
          -1e-06,
          0.0,
          0.0,
          0.0,
          1.0
        ],
        [
          0.999106,
          -0.036302,
          -0.02169,
          0.0,
          0.038401,
          0.993642,
          0.105837,
          1.057274,
          0.01771,
          -0.106575,
          0.994147,
          -1e-06,
          0.0,
          0.0,
          0.0,
          1.0
        ],
        [
          0.999512,
          -0.021908,
          -0.022281,
          0.0,
          0.024371,
          0.992831,
          0.117015,
          1.057274,
          0.019558,
          -0.117501,
          0.99288,
          -0.0,
          0.0,
          0.0,
          0.0,
          1.0
        ],
        [
          0.999722,
          -0.006041,
          -0.022791,
          0.0,
          0.008939,
          0.991564,
          0.12931,
          1.057274,
          0.021817,
          -0.129477,
          0.991342,
          0.0,
          0.0,
          0.0,
          0.0,
          1.0
        ],
        [
          0.999668,
          0.011271,
          -0.02318,
          -0.0,
          -0.007851,
          0.989742,
          0.142651,
          1.057274,
          0.02455,
          -0.142421,
          0.989502,
          -0.0,
          0.0,
          0.0,
          0.0,
          1.0
        ],
        [
          0.999276,
          0.029988,
          -0.023406,
          0.0,
          -0.025951,
          0.987263,
          0.156966,
          1.057274,
          0.027815,
          -0.156245,
          0.987327,
          -0.0,
          0.0,
          0.0,
          0.0,
          1.0
        ],
        [
          0.998472,
          0.050062,
          -0.023424,
          0.0,
          -0.045298,
          0.984024,
          0.172177,
          1.057274,
          0.031669,
          -0.170853,
          0.984788,
          -0.0,
          0.0,
          0.0,
          0.0,
          1.0
        ],
        [
          0.997176,
          0.071434,
          -0.023189,
          0.0,
          -0.065821,
          0.979922,
          0.188206,
          1.057274,
          0.036168,
          -0.186149,
          0.981856,
          1e-06,
          0.0,
          0.0,
          0.0,
          1.0
        ],
        [
          0.99531,
          0.094038,
          -0.022657,
          0.0,
          -0.08744,
          0.974854,
          0.204971,
          1.057274,
          0.041362,
          -0.202029,
          0.978506,
          -0.0,
          0.0,
          0.0,
          0.0,
          1.0
        ],
        [
          0.992799,
          0.117798,
          -0.021781,
          0.0,
          -0.110063,
          0.968726,
          0.222389,
          1.057274,
          0.047297,
          -0.21839,
          0.974715,
          0.0,
          0.0,
          0.0,
          0.0,
          1.0
        ],
        [
          0.989578,
          0.142527,
          -0.020528,
          0.0,
          -0.133493,
          0.96147,
          0.240324,
          1.057274,
          0.05399,
          -0.235079,
          0.970476,
          1e-06,
          0.0,
          0.0,
          0.0,
          1.0
        ],
        [
          0.985666,
          0.167649,
          -0.018906,
          0.0,
          -0.157161,
          0.953152,
          0.258459,
          1.057274,
          0.061351,
          -0.251783,
          0.965837,
          -0.0,
          0.0,
          0.0,
          0.0,
          1.0
        ],
        [
          0.981141,
          0.192546,
          -0.01696,
          -0.0,
          -0.180464,
          0.943929,
          0.276463,
          1.057274,
          0.069241,
          -0.268188,
          0.960875,
          -0.0,
          0.0,
          0.0,
          0.0,
          1.0
        ],
        [
          0.976133,
          0.216675,
          -0.014757,
          -0.0,
          -0.20288,
          0.934012,
          0.294045,
          1.057274,
          0.077495,
          -0.284033,
          0.955678,
          -0.0,
          0.0,
          0.0,
          0.0,
          1.0
        ],
        [
          0.970801,
          0.239565,
          -0.012381,
          -0.0,
          -0.223966,
          0.923659,
          0.310954,
          1.057274,
          0.085929,
          -0.299102,
          0.950344,
          -0.0,
          0.0,
          0.0,
          0.0,
          1.0
        ],
        [
          0.965335,
          0.260825,
          -0.009929,
          -0.0,
          -0.243364,
          0.913158,
          0.326979,
          1.057274,
          0.094351,
          -0.313228,
          0.944979,
          0.0,
          0.0,
          0.0,
          0.0,
          1.0
        ],
        [
          0.95993,
          0.280138,
          -0.007507,
          -0.0,
          -0.260794,
          0.902807,
          0.341945,
          1.057274,
          0.102569,
          -0.326285,
          0.93969,
          -0.0,
          0.0,
          0.0,
          0.0,
          1.0
        ],
        [
          0.954782,
          0.297261,
          -0.005218,
          0.0,
          -0.27605,
          0.892898,
          0.355712,
          1.057274,
          0.110398,
          -0.338187,
          0.934581,
          0.0,
          0.0,
          0.0,
          0.0,
          1.0
        ],
        [
          0.950073,
          0.312012,
          -0.00316,
          -0.0,
          -0.288992,
          0.883705,
          0.368171,
          1.057274,
          0.117667,
          -0.348876,
          0.929753,
          0.0,
          0.0,
          0.0,
          0.0,
          1.0
        ],
        [
          0.945963,
          0.324272,
          -0.001423,
          0.0,
          -0.299539,
          0.875474,
          0.379239,
          1.057274,
          0.124223,
          -0.358319,
          0.925298,
          0.0,
          0.0,
          0.0,
          0.0,
          1.0
        ],
        [
          0.942584,
          0.333969,
          -8.1e-05,
          -0.0,
          -0.307656,
          0.868413,
          0.388853,
          1.057274,
          0.129935,
          -0.366502,
          0.9213,
          0.0,
          0.0,
          0.0,
          0.0,
          1.0
        ],
        [
          0.940037,
          0.341072,
          0.000807,
          -0.0,
          -0.313348,
          0.862686,
          0.396971,
          1.057274,
          0.1347,
          -0.37342,
          0.917831,
          -1e-06,
          0.0,
          0.0,
          0.0,
          1.0
        ],
        [
          0.938387,
          0.345585,
          0.001202,
          -0.0,
          -0.316648,
          0.858411,
          0.403565,
          1.057274,
          0.138434,
          -0.37908,
          0.914951,
          1e-06,
          0.0,
          0.0,
          0.0,
          1.0
        ],
        [
          0.937667,
          0.347533,
          0.00108,
          0.0,
          -0.31761,
          0.855661,
          0.408617,
          1.057274,
          0.141084,
          -0.383489,
          0.912706,
          0.0,
          0.0,
          0.0,
          0.0,
          1.0
        ],
        [
          0.937878,
          0.346965,
          0.000438,
          0.0,
          -0.316299,
          0.854466,
          0.41212,
          1.057274,
          0.142617,
          -0.386656,
          0.91113,
          0.0,
          0.0,
          0.0,
          0.0,
          1.0
        ],
        [
          0.938992,
          0.343939,
          -0.000712,
          0.0,
          -0.312791,
          0.854813,
          0.414073,
          1.057274,
          0.143024,
          -0.388588,
          0.910244,
          0.0,
          0.0,
          0.0,
          0.0,
          1.0
        ],
        [
          0.940956,
          0.338521,
          -0.00234,
          0.0,
          -0.307162,
          0.856655,
          0.414481,
          1.057274,
          0.142315,
          -0.38929,
          0.910055,
          -0.0,
          0.0,
          0.0,
          0.0,
          1.0
        ],
        [
          0.943697,
          0.330782,
          -0.004405,
          0.0,
          -0.299484,
          0.859912,
          0.413353,
          1.057274,
          0.140517,
          -0.388761,
          0.91056,
          -0.0,
          0.0,
          0.0,
          0.0,
          1.0
        ],
        [
          0.947125,
          0.32079,
          -0.006853,
          -0.0,
          -0.289827,
          0.86448,
          0.4107,
          1.057274,
          0.137673,
          -0.386998,
          0.911745,
          -0.0,
          0.0,
          0.0,
          0.0,
          1.0
        ],
        [
          0.951139,
          0.308614,
          -0.009621,
          0.0,
          -0.27825,
          0.870233,
          0.406536,
          1.057274,
          0.133836,
          -0.383995,
          0.913584,
          0.0,
          0.0,
          0.0,
          0.0,
          1.0
        ],
        [
          0.955625,
          0.294313,
          -0.012641,
          -0.0,
          -0.264803,
          0.877028,
          0.400875,
          1.057274,
          0.129069,
          -0.379739,
          0.916046,
          -0.0,
          0.0,
          0.0,
          0.0,
          1.0
        ],
        [
          0.960468,
          0.277938,
