{
  "animation": [
    {
      "name": "Root",
      "time": [
        0.0,
        6.0
      ],
      "transform": [
        [
          1.0,
          0.0,
          0.0,
          0.0,
          0.0,
          0.0,
          -1.0,
          0.0,
          0.0,
          1.0,
          0.0,
          0.0,
          0.0,
          0.0,
          0.0,
          1.0
        ],
        [
          1.0,
          0.0,
          0.0,
          0.0,
          0.0,
          0.0,
          -1.0,
          0.0,
          0.0,
          1.0,
          0.0,
          0.0,
          0.0,
          0.0,
          0.0,
          1.0
        ]
      ]
        },
        {
          "name": "Tablet",
          "time": [
            0.0,
            6.0
          ],
          "transform": [
            [
              1.0,
              0.0,
              0.0,
              0.0,
              0.0,
              1.0,
              0.0,
              0.4,
              0.0,
              0.0,
              1.0,
              0.0,
              0.0,
              0.0,
              0.0,
              1.0
            ],
            [
              1.0,
              0.0,
              0.0,
              0.0,
              0.0,
              1.0,
              0.0,
              0.4,
              0.0,
              0.0,
              1.0,
              0.0,
              0.0,
              0.0,
              0.0,
              1.0
            ]
          ]
        },
        {
          "name": "Tentacle1_0.L",
          "time": [
            0.0,
            0.0333,
            0.0667,
            0.1,
            0.1333,
            0.1667,
            0.2,
            0.2333,
            0.2667,
            0.3,
            0.3333,
            0.3667,
            0.4,
            0.4333,
            0.4667,
            0.5,
            0.5333,
            0.5667,
            0.6,
            0.6333,
            0.6667,
            0.7,
            0.7333,
            0.7667,
            0.8,
            0.8333,
            0.8667,
            0.9,
            0.9333,
            0.9667,
            1.0,
            1.0333,
            1.0667,
            1.1,
            1.1333,
            1.1667,
            1.2,
            1.2333,
            1.2667,
            1.3,
            1.3333,
            1.3667,
            1.4,
            1.4333,
            1.4667,
            1.5,
            1.5333,
            1.5667,
            1.6,
            1.6333,
            1.6667,
            1.7,
            1.7333,
            1.7667,
            1.8,
            1.8333,
            1.8667,
            1.9,
            1.9333,
            1.9667,
            2.0,
            2.0333,
            2.0667,
            2.1,
            2.1333,
            2.1667,
            2.2,
            2.2333,
            2.2667,
            2.3,
            2.3333,
            2.3667,
            2.4,
            2.4333,
            2.4667,
            2.5,
            2.5333,
            2.5667,
            2.6,
            2.6333,
            2.6667,
            2.7,
            2.7333,
            2.7667,
            2.8,
            2.8333,
            2.8667,
            2.9,
            2.9333,
            2.9667,
            3.0,
            3.0333,
            3.0667,
            3.1,
            3.1333,
            3.1667,
            3.2,
            3.2333,
            3.2667,
            3.3,
            3.3333,
            3.3667,
            3.4,
            3.4333,
            3.4667,
            3.5,
            3.5333,
            3.5667,
            3.6,
            3.6333,
            3.6667,
            3.7,
            3.7333,
            3.7667,
            3.8,
            3.8333,
            3.8667,
            3.9,
            3.9333,
            3.9667,
            4.0,
            4.0333,
            4.0667,
            4.1,
            4.1333,
            4.1667,
            4.2,
            4.2333,
            4.2667,
            4.3,
            4.3333,
            4.3667,
            4.4,
            4.4333,
            4.4667,
            4.5,
            4.5333,
            4.5667,
            4.6,
            4.6333,
            4.6667,
            4.7,
            4.7333,
            4.7667,
            4.8,
            4.8333,
            4.8667,
            4.9,
            4.9333,
            4.9667,
            5.0,
            5.0333,
            5.0667,
            5.1,
            5.1333,
            5.1667,
            5.2,
            5.2333,
            5.2667,
            5.3,
            5.3333,
            5.3667,
            5.4,
            5.4333,
            5.4667,
            5.5,
            5.5333,
            5.5667,
            5.6,
            5.6333,
            5.6667,
            5.7,
            5.7333,
            5.7667,
            5.8,
            5.8333,
            5.8667,
            5.9,
            5.9333,
            5.9667,
            6.0
          ],
          "transform": [
            [
              -0.684261,
              -0.677139,
              0.270683,
              -0.848016,
              0.00508,
              0.366752,
              0.930305,
              2.615983,
              -0.729219,
              0.637947,
              -0.247515,
              0.0,
              0.0,
              0.0,
              0.0,
              1.0
            ],
            [
              -0.684321,
              -0.679165,
              0.265404,
              -0.848016,
              -0.000341,
              0.364274,
              0.931292,
              2.615983,
              -0.729181,
              0.637212,
              -0.249512,
              0.0,
              0.0,
              0.0,
              0.0,
              1.0
            ],
            [
              -0.684254,
              -0.685222,
              0.249534,
              -0.848016,
              -0.016259,
              0.356431,
              0.93418,
              2.615983,
              -0.729063,
              0.635159,
              -0.25503,
              0.0,
              0.0,
              0.0,
              0.0,
              1.0
            ],
            [
              -0.683439,
              -0.695086,
              0.223083,
              -0.848016,
              -0.042117,
              0.342625,
              0.938528,
              2.615983,
              -0.728792,
              0.632031,
              -0.263438,
              0.0,
              0.0,
              0.0,
              0.0,
              1.0
            ],
            [
              -0.680953,
              -0.708248,
              0.186245,
              -0.848016,
              -0.077239,
              0.32236,
              0.943461,
              2.615983,
              -0.728242,
              0.628067,
              -0.274217,
              0.0,
              0.0,
              0.0,
              0.0,
              1.0
            ],
            [
              -0.675653,
              -0.723893,
              0.139542,
              -0.848016,
              -0.120729,
              0.295373,
              0.947723,
              2.615983,
              -0.727267,
              0.623485,
              -0.286964,
              0.0,
              0.0,
              0.0,
              0.0,
              1.0
            ],
            [
              -0.666299,
              -0.74094,
              0.083983,
              -0.848016,
              -0.171372,
              0.261763,
              0.949796,
              2.615983,
              -0.725725,
              0.618456,
              -0.301389,
              0.0,
              0.0,
              0.0,
              0.0,
              1.0
            ],
            [
              -0.651742,
              -0.758146,
              0.021153,
              -0.848016,
              -0.227588,
              0.222099,
              0.948091,
              2.615983,
              -0.723489,
              0.613096,
              -0.317296,
              0.0,
              0.0,
              0.0,
              0.0,
              1.0
            ],
            [
              -0.631112,
              -0.77428,
              -0.046788,
              -0.848016,
              -0.287465,
              0.177436,
              0.941212,
              2.615983,
              -0.72046,
              0.60746,
              -0.33456,
              0.0,
              0.0,
              0.0,
              0.0,
              1.0
            ],
            [
              -0.604,
              -0.78831,
              -0.117263,
              -0.848016,
              -0.348881,
              0.129237,
              0.928213,
              2.615983,
              -0.716566,
              0.601552,
              -0.353086,
              0.0,
              0.0,
              0.0,
              0.0,
              1.0
            ],
            [
              -0.570545,
              -0.799566,
              -0.187545,
              -0.848016,
              -0.409701,
              0.079189,
              0.908776,
              2.615983,
              -0.711775,
              0.595335,
              -0.372764,
              0.0,
              0.0,
              0.0,
              0.0,
              1.0
            ],
            [
              -0.531417,
              -0.807796,
              -0.25507,
              -0.848016,
              -0.467992,
              0.028975,
              0.883258,
              2.615983,
              -0.706102,
              0.588749,
              -0.39344,
              0.0,
              0.0,
              0.0,
              0.0,
              1.0
            ],
            [
              -0.487701,
              -0.813147,
              -0.317709,
              -0.848016,
              -0.522182,
              -0.019935,
              0.852601,
              2.615983,
              -0.699624,
              0.581716,
              -0.414889,
              0.0,
              0.0,
              0.0,
              0.0,
              1.0
            ],
            [
              -0.440729,
              -0.81605,
              -0.373925,
              -0.848016,
              -0.571157,
              -0.066419,
              0.81815,
              2.615983,
              -0.692487,
              0.574152,
              -0.43682,
              0.0,
              0.0,
              0.0,
              0.0,
              1.0
            ],
            [
              -0.391904,
              -0.817092,
              -0.422813,
              -0.848016,
              -0.614248,
              -0.109753,
              0.781444,
              2.615983,
              -0.684917,
              0.565963,
              -0.458885,
              0.0,
              0.0,
              0.0,
              0.0,
              1.0
            ],
            [
              -0.342563,
              -0.816895,
              -0.46404,
              -0.848016,
              -0.651175,
              -0.149586,
              0.74404,
              2.615983,
              -0.677216,
              0.557052,
              -0.480699,
              0.0,
              0.0,
              0.0,
              0.0,
              1.0
            ],
            [
              -0.293885,
              -0.816024,
              -0.49773,
              -0.848016,
              -0.681952,
              -0.185867,
              0.707386,
              2.615983,
              -0.669756,
              0.547319,
              -0.501866,
              0.0,
              0.0,
              0.0,
              0.0,
              1.0
            ],
            [
              -0.246848,
              -0.814949,
              -0.524331,
              -0.848016,
              -0.70678,
              -0.218764,
              0.672758,
              2.615983,
              -0.662969,
              0.536656,
              -0.521989,
              0.0,
              0.0,
              0.0,
              0.0,
              1.0
            ],
            [
              -0.202219,
              -0.814021,
              -0.544497,
              -0.848016,
              -0.725961,
              -0.24858,
              0.64124,
              2.615983,
              -0.657334,
              0.524954,
              -0.54068,
              0.0,
              0.0,
              0.0,
              0.0,
              1.0
            ],
            [
              -0.160574,
              -0.813481,
              -0.558986,
              -0.848016,
              -0.739816,
              -0.275694,
              0.61373,
              2.615983,
              -0.653367,
              0.512096,
              -0.557557,
              0.0,
              0.0,
              0.0,
              0.0,
              1.0
            ],
            [
              -0.122317,
              -0.813476,
              -0.56859,
              -0.848016,
              -0.748631,
              -0.300502,
              0.590974,
              2.615983,
              -0.651606,
              0.497951,
              -0.572237,
              0.0,
              0.0,
              0.0,
              0.0,
              1.0
            ],
            [
              -0.087721,
              -0.814084,
              -0.574084,
              -0.848016,
              -0.752604,
              -0.323393,
              0.573589,
              2.615983,
              -0.652604,
              0.482374,
              -0.584315,
              0.0,
              0.0,
              0.0,
              0.0,
              1.0
            ],
            [
              -0.05695,
              -0.81533,
              -0.576189,
              -0.848016,
              -0.751808,
              -0.344718,
              0.562098,
              2.615983,
              -0.656918,
              0.465195,
              -0.59334,
              0.0,
              0.0,
              0.0,
              0.0,
              1.0
            ],
            [
              -0.030098,
              -0.817209,
              -0.575554,
              -0.848016,
              -0.74615,
              -0.364778,
              0.556954,
              2.615983,
              -0.665097,
              0.446213,
              -0.598782,
              0.0,
              0.0,
              0.0,
              0.0,
              1.0
            ],
            [
              -0.007207,
              -0.819703,
              -0.572743,
              -0.848016,
              -0.735336,
              -0.383803,
              0.558548,
              2.615983,
              -0.677664,
              0.425184,
              -0.599991,
              0.0,
              0.0,
              0.0,
              0.0,
              1.0
            ],
            [
              0.013237,
              -0.82266,
              -0.56838,
              -0.848016,
              -0.721471,
              -0.401427,
              0.564213,
              2.615983,
              -0.692318,
              0.402601,
              -0.598839,
              0.0,
              0.0,
              0.0,
              0.0,
              1.0
            ],
            [
              0.032727,
              -0.825983,
              -0.562745,
              -0.848016,
              -0.707021,
              -0.417102,
              0.571094,
              2.615983,
              -0.706435,
              0.379182,
              -0.597637,
              0.0,
              0.0,
              0.0,
              0.0,
              1.0
            ],
            [
              0.051213,
              -0.829733,
              -0.555805,
              -0.848016,
              -0.692053,
              -0.430733,
              0.579251,
              2.615983,
              -0.720027,
              0.354982,
              -0.596279,
              0.0,
              0.0,
              0.0,
              0.0,
              1.0
            ],
            [
              0.068661,
              -0.833969,
              -0.547523,
              -0.848016,
              -0.676628,
              -0.442228,
              0.588735,
              2.615983,
              -0.733117,
              0.330046,
              -0.59465,
              0.0,
              0.0,
              0.0,
              0.0,
              1.0
            ],
            [
              0.085047,
              -0.838737,
              -0.537854,
              -0.848016,
              -0.660791,
              -0.451498,
              0.599587,
              2.615983,
              -0.745736,
              0.304416,
              -0.592629,
              0.0,
              0.0,
              0.0,
              0.0,
              1.0
            ],
            [
              0.100361,
              -0.844076,
              -0.526748,
              -0.848016,
              -0.644579,
              -0.458455,
              0.611831,
              2.615983,
              -0.757922,
              0.278127,
              -0.590084,
              0.0,
              0.0,
              0.0,
              0.0,
              1.0
            ],
            [
              0.114601,
              -0.850008,
              -0.514153,
              -0.848016,
              -0.628009,
              -0.463012,
              0.62548,
              2.615983,
              -0.769722,
              0.251212,
              -0.586874,
              0.0,
              0.0,
              0.0,
              0.0,
              1.0
            ],
            [
              0.127781,
              -0.856536,
              -0.500018,
              -0.848016,
              -0.611082,
              -0.465083,
              0.640528,
              2.615983,
              -0.781185,
              0.223704,
              -0.582843,
              0.0,
              0.0,
              0.0,
              0.0,
              1.0
            ],
            [
              0.139924,
              -0.863644,
              -0.484293,
              -0.848016,
              -0.593781,
              -0.464589,
              0.656949,
              2.615983,
              -0.792367,
              0.195641,
              -0.577822,
              0.0,
              0.0,
              0.0,
              0.0,
              1.0
            ],
            [
              0.151062,
              -0.871293,
              -0.466935,
              -0.848016,
              -0.576064,
              -0.461452,
              0.674694,
              2.615983,
              -0.803325,
              0.167064,
              -0.571628,
              0.0,
              0.0,
              0.0,
              0.0,
              1.0
            ],
            [
              0.161242,
              -0.879415,
              -0.447917,
              -0.848016,
              -0.557868,
              -0.455606,
              0.693691,
              2.615983,
              -0.814116,
              0.138026,
              -0.564061,
              0.0,
              0.0,
              0.0,
              0.0,
              1.0
            ],
            [
              0.170522,
              -0.887918,
              -0.427228,
              -0.848016,
              -0.539102,
              -0.447,
              0.713835,
              2.615983,
              -0.824798,
              0.108594,
              -0.554902,
              0.0,
              0.0,
              0.0,
              0.0,
              1.0
            ],
            [
              0.177861,
              -0.896787,
              -0.40514,
              -0.848016,
              -0.519812,
              -0.435197,
              0.735118,
              2.615983,
              -0.83556,
              0.079848,
              -0.543566,
              0.0,
              0.0,
              0.0,
              0.0,
              1.0
            ],
            [
              0.182301,
              -0.906036,
              -0.381924,
              -0.848016,
              -0.499983,
              -0.419885,
              0.757439,
              2.615983,
              -0.846631,
              0.052874,
              -0.529548,
              0.0,
              0.0,
              0.0,
              0.0,
              1.0
            ],
            [
              0.184051,
              -0.915553,
              -0.357614,
              -0.848016,
              -0.47937,
              -0.401237,
              0.780522,
              2.615983,
              -0.858097,
              0.027774,
              -0.512736,
              0.0,
              0.0,
              0.0,
              0.0,
              1.0
            ],
            [
              0.18334,
              -0.92519,
              -0.33228,
              -0.848016,
              -0.457682,
              -0.379476,
              0.804068,
              2.615983,
              -0.870008,
              0.004661,
              -0.493016,
              0.0,
              0.0,
              0.0,
              0.0,
              1.0
            ],
            [
              0.180415,
              -0.934768,
              -0.306039,
              -0.848016,
              -0.434593,
              -0.354884,
              0.82776,
              2.615983,
              -0.882372,
              -0.016338,
              -0.47027,
              0.0,
              0.0,
              0.0,
              0.0,
              1.0
            ],
            [
              0.175544,
              -0.944093,
              -0.279057,
              -0.848016,
              -0.40975,
              -0.327807,
              0.851263,
              2.615983,
              -0.895148,
              -0.035091,
              -0.444386,
              0.0,
              0.0,
              0.0,
              0.0,
              1.0
            ],
            [
              0.169011,
              -0.952972,
              -0.251555,
              -0.848016,
              -0.382789,
              -0.298658,
              0.874229,
              2.615983,
              -0.908244,
              -0.051461,
              -0.415264,
              0.0,
              0.0,
              0.0,
              0.0,
              1.0
            ],
            [
              0.161113,
              -0.961225,
              -0.223807,
              -0.848016,
              -0.353363,
              -0.267918,
              0.8963,
              2.615983,
              -0.921508,
              -0.06532,
              -0.382827,
              0.0,
              0.0,
              0.0,
              0.0,
              1.0
            ],
            [
              0.152154,
              -0.968701,
              -0.19613,
              -0.848016,
              -0.321166,
              -0.236131,
              0.917112,
              2.615983,
              -0.93472,
              -0.076552,
              -0.347042,
              0.0,
              0.0,
              0.0,
              0.0,
              1.0
            ],
            [
              0.14244,
              -0.97529,
              -0.168878,
              -0.848016,
              -0.285979,
              -0.203892,
              0.936293,
              2.615983,
              -0.94759,
              -0.08507,
              -0.307954,
              0.0,
              0.0,
              0.0,
              0.0,
              1.0
            ],
            [
              0.132262,
              -0.980929,
              -0.142427,
              -0.848016,
              -0.247723,
              -0.171841,
              0.953469,
              2.615983,
              -0.95976,
              -0.090825,
              -0.265727,
              0.0,
              0.0,
              0.0,
              0.0,
              1.0
            ],
            [
              0.121889,
              -0.985605,
              -0.117161,
              -0.848016,
              -0.206515,
              -0.140641,
              0.968283,
              2.615983,
              -0.970822,
              -0.093827,
              -0.220685,
              0.0,
              0.0,
              0.0,
              0.0,
              1.0
            ],
            [
              0.111549,
              -0.989355,
              -0.093456,
              -0.848016,
              -0.162706,
              -0.110957,
              0.980416,
              2.615983,
              -0.980349,
              -0.094159,
              -0.173351,
              0.0,
              0.0,
              0.0,
              0.0,
              1.0
            ],
            [
              0.101421,
              -0.992258,
              -0.071672,
              -0.848016,
              -0.116883,
              -0.083429,
              0.989635,
              2.615983,
              -0.987953,
              -0.091992,
              -0.12444,
              0.0,
              0.0,
              0.0,
              0.0,
              1.0
            ],
            [
              0.091618,
              -0.994428,
              -0.052136,
              -0.848016,
              -0.069813,
              -0.058642,
              0.995835,
              2.615983,
              -0.993344,
              -0.087597,
              -0.074797,
              0.0,
              0.0,
              0.0,
              0.0,
              1.0
            ],
            [
              0.082193,
              -0.995997,
              -0.035141,
              -0.848016,
              -0.022335,
              -0.037092,
              0.999062,
              2.615983,
              -0.996366,
              -0.081331,
              -0.025294,
              0.0,
              0.0,
              0.0,
              0.0,
              1.0
            ],
            [
              0.073143,
              -0.997102,
              -0.020932,
              -0.848016,
              0.024755,
              -0.019167,
              0.99951,
              2.615983,
              -0.997014,
              -0.073625,
              0.023282,
              0.0,
              0.0,
              0.0,
              0.0,
              1.0
            ],
            [
              0.064426,
              -0.997875,
              -0.009705,
              -0.848016,
              0.070799,
              -0.00513,
              0.997477,
              2.615983,
              -0.995408,
              -0.06495,
              0.070318,
              0.0,
              0.0,
              0.0,
              0.0,
              1.0
            ],
            [
              0.055978,
              -0.998431,
              -0.001603,
              -0.848016,
              0.115314,
              0.004871,
              0.993317,
              2.615983,
              -0.99175,
              -0.055789,
              0.115406,
              0.0,
              0.0,
              0.0,
              0.0,
              1.0
            ],
            [
              0.047729,
              -0.998855,
              0.00328,
              -0.848016,
              0.157996,
              0.010792,
              0.987381,
              2.615983,
              -0.986286,
              -0.046608,
              0.15833,
              0.0,
              0.0,
              0.0,
              0.0,
              1.0
            ],
            [
              0.039613,
              -0.999203,
              0.004894,
              -0.848016,
              0.198682,
              0.012676,
              0.979982,
              2.615983,
              -0.979263,
              -0.037847,
              0.199026,
              0.0,
              0.0,
              0.0,
              0.0,
              1.0
            ],
            [
              0.031637,
              -0.999492,
              0.003723,
              -0.848016,
              0.237311,
              0.01113,
              0.97137,
              2.615983,
              -0.970918,
              -0.029847,
              0.237543,
              0.0,
              0.0,
              0.0,
              0.0,
              1.0
            ],
            [
              0.023881,
              -0.999715,
              0.000418,
              -0.848016,
              0.273901,
              0.006945,
              0.961733,
              2.615983,
              -0.961461,
              -0.022853,
              0.273989,
              0.0,
              0.0,
              0.0,
              0.0,
              1.0
            ],
            [
              0.016415,
              -0.999854,
              -0.004814,
              -0.848016,
              0.308507,
              0.000485,
              0.951222,
              2.615983,
              -0.95108,
              -0.0171,
              0.30847,
              0.0,
              0.0,
              0.0,
              0.0,
              1.0
            ],
            [
              0.009325,
              -0.999887,
              -0.011803,
              -0.848016,
              0.341124,
              -0.007915,
              0.939985,
              2.615983,
              -0.939972,
              -0.012791,
              0.341011,
              0.0,
              0.0,
              0.0,
              0.0,
              1.0
            ],
            [
              0.002708,
              -0.999788,
              -0.020409,
              -0.848016,
              0.371749,
              -0.01794,
              0.92816,
              2.615983,
              -0.928329,
              -0.010101,
              0.371622,
              0.0,
              0.0,
              0.0,
              0.0,
              1.0
            ],
            [
              -0.003323,
              -0.999529,
              -0.030522,
              -0.848016,
              0.400406,
              -0.029299,
              0.915869,
              2.615983,
              -0.916332,
              -0.009178,
              0.400315,
              0.0,
              0.0,
              0.0,
              0.0,
              1.0
            ],
            [
              -0.008649,
              -0.999078,
              -0.042057,
              -0.848016,
              0.427139,
              -0.04172,
              0.903223,
              2.615983,
              -0.904145,
              -0.010153,
              0.427106,
              0.0,
              0.0,
              0.0,
              0.0,
              1.0
            ],
            [
              -0.01314,
              -0.998402,
              -0.054952,
              -0.848016,
              0.452011,
              -0.054952,
              0.890318,
              2.615983,
              -0.891915,
              -0.01314,
              0.452011,
              0.0,
              0.0,
              0.0,
              0.0,
              1.0
            ],
            [
              -0.016298,
              -0.997466,
              -0.069258,
              -0.848016,
              0.475119,
              -0.068673,
              0.877237,
              2.615983,
              -0.87977,
              -0.018609,
              0.475034,
              0.0,
              0.0,
              0.0,
              0.0,
              1.0
            ],
            [
              -0.017837,
              -0.996222,
              -0.084996,
              -0.848016,
              0.496549,
              -0.082611,
              0.864069,
              2.615983,
              -0.867826,
              -0.026792,
              0.496146,
              0.0,
              0.0,
              0.0,
              0.0,
              1.0
            ],
            [
              -0.017933,
              -0.994615,
              -0.102072,
              -0.848016,
              0.516361,
              -0.096634,
              0.850901,
              2.615983,
              -0.856183,
              -0.037447,
              0.515313,
              0.0,
              0.0,
              0.0,
              0.0,
              1.0
            ],
            [
              -0.016743,
              -0.992586,
              -0.120383,
              -0.848016,
              0.534613,
              -0.110631,
              0.837824,
              2.615983,
              -0.844931,
              -0.050331,
              0.532502,
              0.0,
              0.0,
              0.0,
              0.0,
              1.0
            ],
            [
              -0.014408,
              -0.990073,
              -0.139816,
              -0.848016,
              0.55136,
              -0.124517,
              0.824923,
              2.615983,
              -0.834143,
              -0.065203,
              0.54768,
              0.0,
              0.0,
              0.0,
              0.0,
              1.0
            ],
            [
              -0.011055,
              -0.987015,
              -0.160247,
              -0.848016,
              0.56665,
              -0.138225,
              0.812282,
              2.615983,
              -0.823884,
              -0.081824,
              0.56082,
              0.0,
              0.0,
              0.0,
              0.0,
              1.0
            ],
            [
              -0.006798,
              -0.983359,
              -0.181544,
              -0.848016,
              0.580528,
              -0.151703,
              0.799983,
              2.615983,
              -0.814212,
              -0.099953,
              0.571899,
              0.0,
              0.0,
              0.0,
              0.0,
              1.0
            ],
            [
              -0.001741,
              -0.97906,
              -0.203563,
              -0.848016,
              0.593034,
              -0.164916,
              0.788107,
              2.615983,
              -0.805175,
              -0.119347,
              0.580904,
              0.0,
              0.0,
              0.0,
              0.0,
              1.0
            ],
            [
              0.004022,
              -0.974084,
              -0.22615,
              -0.848016,
              0.604203,
              -0.177837,
              0.776732,
              2.615983,
              -0.79682,
              -0.139765,
              0.587829,
              0.0,
              0.0,
              0.0,
              0.0,
              1.0
            ],
            [
              0.010408,
              -0.968411,
              -0.249142,
              -0.848016,
              0.614062,
              -0.190451,
              0.765935,
              2.615983,
              -0.789189,
              -0.16096,
              0.592683,
              0.0,
              0.0,
              0.0,
              0.0,
              1.0
            ],
            [
              0.017339,
              -0.962038,
              -0.272364,
              -0.848016,
              0.622637,
              -0.20275,
              0.755788,
              2.615983,
              -0.782319,
              -0.182689,
              0.595485,
              0.0,
              0.0,
              0.0,
              0.0,
              1.0
            ],
            [
              0.024746,
              -0.95498,
              -0.295636,
              -0.848016,
              0.629945,
              -0.214731,
              0.746365,
              2.615983,
              -0.776246,
              -0.204704,
              0.596271,
              0.0,
              0.0,
              0.0,
              0.0,
              1.0
            ],
            [
              0.032564,
              -0.947274,
              -0.318765,
              -0.848016,
              0.635997,
              -0.226391,
              0.737737,
              2.615983,
              -0.771004,
              -0.226757,
              0.595091,
              0.0,
              0.0,
              0.0,
              0.0,
              1.0
            ],
            [
              0.040734,
              -0.938979,
              -0.341554,
              -0.848016,
              0.640798,
              -0.23773,
              0.729974,
              2.615983,
              -0.766628,
              -0.248603,
              0.592012,
              0.0,
              0.0,
              0.0,
              0.0,
              1.0
            ],
            [
              0.049203,
              -0.930177,
              -0.363798,
              -0.848016,
              0.644349,
              -0.248743,
              0.723147,
              2.615983,
              -0.763147,
              -0.269994,
              0.587119,
              0.0,
              0.0,
              0.0,
              0.0,
              1.0
            ],
            [
              0.057921,
              -0.920978,
              -0.385284,
              -0.848016,
              0.646639,
              -0.259421,
              0.717328,
              2.615983,
              -0.760594,
              -0.290688,
              0.580514,
              0.0,
              0.0,
              0.0,
              0.0,
              1.0
            ],
            [
              0.06684,
              -0.911518,
              -0.405792,
              -0.848016,
              0.647652,
              -0.269742,
              0.712591,
              2.615983,
              -0.758999,
              -0.310441,
              0.572317,
              0.0,
              0.0,
              0.0,
              0.0,
              1.0
            ],
            [
              0.075916,
              -0.901959,
              -0.425096,
              -0.848016,
              0.647363,
              -0.279674,
              0.709016,
              2.615983,
              -0.758391,
              -0.329017,
              0.562663,
              0.0,
              0.0,
              0.0,
              0.0,
              1.0
            ],
            [
              0.085109,
              -0.892493,
              -0.442959,
              -0.848016,
              0.645739,
              -0.289162,
              0.706687,
              2.615983,
              -0.7588,
              -0.346181,
              0.551708,
              0.0,
              0.0,
              0.0,
              0.0,
              1.0
            ],
            [
              0.094486,
              -0.883323,
              -0.459143,
              -0.848016,
              0.642412,
              -0.298229,
              0.70595,
              2.615983,
              -0.760512,
              -0.361661,
              0.539279,
              0.0,
              0.0,
              0.0,
              0.0,
              1.0
            ],
            [
              0.104199,
              -0.874669,
              -0.473389,
              -0.848016,
              0.63681,
              -0.306938,
              0.707292,
              2.615983,
              -0.763947,
              -0.375158,
              0.525016,
              0.0,
              0.0,
              0.0,
              0.0,
              1.0
            ],
            [
              0.114344,
              -0.866785,
              -0.485395,
              -0.848016,
              0.628534,
              -0.315257,
              0.711026,
              2.615983,
              -0.769331,
              -0.386389,
              0.508756,
              0.0,
              0.0,
              0.0,
              0.0,
              1.0
            ],
            [
              0.125038,
              -0.85996,
              -0.494807,
              -0.848016,
              0.617097,
              -0.323106,
              0.717491,
              2.615983,
              -0.776889,
              -0.395058,
              0.490278,
              0.0,
              0.0,
              0.0,
              0.0,
              1.0
            ],
            [
