{
  "animation": [
    {
      "name": "Root",
      "time": [
        0.0
      ],
      "transform": [
        [
          1.0,
          0.0,
          0.0,
          0.0,
          0.0,
          0.0,
          -1.0,
          0.0,
          0.0,
          1.0,
          0.0,
          0.0,
          0.0,
          0.0,
          0.0,
          1.0
        ]
      ]
    },
    {
      "name": "Tablet",
      "time": [
        0.0
      ],
      "transform": [
        [
          1.0,
          0.0,
          0.0,
          0.0,
          0.0,
          1.0,
          0.0,
          0.4,
          0.0,
          0.0,
          1.0,
          0.0,
          0.0,
          0.0,
          0.0,
          1.0
        ]
      ]
    },
    {
      "name": "Tentacle1_0.L",
      "time": [
        0.0
      ],
      "transform": [
        [
          0.0,
          -0.342572,
          0.0,
          0.974624,
          -0.0,
          0.0,
          0.342572,
          2.615983,
          -0.342572,
          0.0,
          -0.0,
          0.0,
          0.0,
          0.0,
          0.0,
          1.0
        ]
      ]
    },
    {
      "name": "Tentacle1_1.L",
      "time": [
        0.0
      ],
      "transform": [
        [
          0.920989,
          -0.389232,
          0.016678,
          0.0,
          0.387308,
          0.910132,
          -0.147146,
          1.057274,
          0.042095,
          0.141979,
          0.988974,
          0.0,
          0.0,
          0.0,
          0.0,
          1.0
        ]
      ]
    },
    {
      "name": "Tentacle1_2.L",
      "time": [
        0.0
      ],
      "transform": [
        [
          0.993973,
          -0.10938,
          0.007328,
          0.0,
          0.107476,
          0.98548,
          0.131449,
          1.413427,
          -0.021599,
          -0.129869,
          0.991296,
          -0.0,
          0.0,
          0.0,
          0.0,
          1.0
        ]
      ]
    },
    {
      "name": "Tentacle1_3.L",
      "time": [
        0.0
      ],
      "transform": [
        [
          0.999996,
          -8e-06,
          -0.002764,
          0.0,
          -0.0,
          0.999996,
          -0.002764,
          1.41333,
          0.002764,
          0.002764,
          0.999992,
          0.0,
          0.0,
          0.0,
          0.0,
          1.0
        ]
      ]
    },
    {
      "name": "Tentacle2_0.L",
      "time": [
        0.0
      ],
      "transform": [
        [
          0.0,
          -0.342572,
          0.0,
          0.912678,
          -0.0,
          0.0,
          0.342572,
          1.740983,
          -0.342572,
          0.0,
          -0.0,
          0.0,
          0.0,
          0.0,
          0.0,
          1.0
        ]
      ]
    },
    {
      "name": "Tentacle2_1.L",
      "time": [
        0.0
      ],
      "transform": [
        [
          0.937145,
          0.348483,
          -0.017876,
          0.0,
          -0.348643,
          0.932995,
          -0.089267,
          0.995597,
          -0.01443,
          0.089889,
          0.995847,
          0.0,
          0.0,
          0.0,
          0.0,
          1.0
        ]
      ]
    },
    {
      "name": "Tentacle2_2.L",
      "time": [
        0.0
      ],
      "transform": [
        [
          0.999908,
          0.012323,
          0.005616,
          0.0,
          -0.012886,
          0.993322,
          0.114654,
          1.413075,
          -0.004165,
          -0.114716,
          0.993389,
          -0.0,
          0.0,
          0.0,
          0.0,
          1.0
        ]
      ]
    },
    {
      "name": "Tentacle2_3.L",
      "time": [
        0.0
      ],
      "transform": [
        [
          0.999996,
          -8e-06,
          -0.002765,
          0.0,
          0.0,
          0.999996,
          -0.002765,
          1.413327,
          0.002765,
          0.002765,
          0.999992,
          0.0,
          0.0,
          0.0,
          0.0,
          1.0
        ]
      ]
    },
    {
      "name": "Tentacle3_0.L",
      "time": [
        0.0
      ],
      "transform": [
        [
          0.0,
          -0.342572,
          0.0,
          0.850217,
          0.0,
          0.0,
          0.342572,
          0.858281,
          -0.342572,
          0.0,
          0.0,
          0.0,
          0.0,
          0.0,
          0.0,
          1.0
        ]
      ]
    },
    {
      "name": "Tentacle3_1.L",
      "time": [
        0.0
      ],
      "transform": [
        [
          0.999966,
          -0.004336,
          -0.006992,
          0.0,
          0.005853,
          0.97216,
          0.234246,
          1.058051,
          0.005781,
          -0.234279,
          0.972153,
          -0.0,
          0.0,
          0.0,
          0.0,
          1.0
        ]
      ]
    },
    {
      "name": "Tentacle3_2.L",
      "time": [
        0.0
      ],
      "transform": [
        [
          0.99999,
          0.000522,
          0.004592,
          -0.0,
          0.000219,
          0.987109,
          -0.160048,
          1.413108,
          -0.004616,
          0.160047,
          0.987098,
          -0.0,
          0.0,
          0.0,
          0.0,
          1.0
        ]
      ]
    },
    {
      "name": "Tentacle3_3.L",
      "time": [
        0.0
      ],
      "transform": [
        [
          0.999998,
          -3e-06,
          0.00183,
          0.0,
          0.0,
          0.999998,
          0.00183,
          1.413325,
          -0.00183,
          -0.00183,
          0.999997,
          0.0,
          0.0,
          0.0,
          0.0,
          1.0
        ]
      ]
    },
    {
      "name": "Tentacle1_0.R",
      "time": [
        0.0
      ],
      "transform": [
        [
          0.0,
          0.342572,
          0.0,
          -0.974624,
          0.0,
          0.0,
          0.342572,
          2.615983,
          0.342572,
          0.0,
          -0.0,
          0.0,
          0.0,
          0.0,
          0.0,
          1.0
        ]
      ]
    },
    {
      "name": "Tentacle1_1.R",
      "time": [
        0.0
      ],
      "transform": [
        [
          0.996181,
          0.087286,
          -0.001914,
          0.0,
          -0.083818,
          0.950002,
          -0.300781,
          1.057274,
          -0.024436,
          0.299793,
          0.953691,
          0.0,
          0.0,
          0.0,
          0.0,
          1.0
        ]
      ]
    },
    {
      "name": "Tentacle1_2.R",
      "time": [
        0.0
      ],
      "transform": [
        [
          0.999347,
          0.033367,
          -0.013804,
          -0.0,
          -0.033165,
          0.999342,
          0.014642,
          1.413427,
          0.014283,
          -0.014174,
          0.999798,
          1e-06,
          0.0,
          0.0,
          0.0,
          1.0
        ]
      ]
    },
    {
      "name": "Tentacle1_3.R",
      "time": [
        0.0
      ],
      "transform": [
        [
          0.999996,
          8e-06,
          0.002764,
          -0.0,
          -0.0,
          0.999996,
          -0.002764,
          1.41333,
          -0.002764,
          0.002764,
          0.999992,
          2e-06,
          0.0,
          0.0,
          0.0,
          1.0
        ]
      ]
    },
    {
      "name": "Tentacle2_0.R",
      "time": [
        0.0
      ],
      "transform": [
        [
          0.0,
          0.342572,
          0.0,
          -0.912678,
          0.0,
          0.0,
          0.342572,
          1.740983,
          0.342572,
          0.0,
          -0.0,
          0.0,
          0.0,
          0.0,
          0.0,
          1.0
        ]
      ]
    },
    {
      "name": "Tentacle2_1.R",
      "time": [
        0.0
      ],
      "transform": [
        [
          0.975976,
          -0.217427,
          0.013999,
          -0.0,
          0.217638,
          0.96989,
          -0.109303,
          0.995597,
          0.010188,
          0.109724,
          0.99391,
          0.0,
          0.0,
          0.0,
          0.0,
          1.0
        ]
      ]
    },
    {
      "name": "Tentacle2_2.R",
      "time": [
        0.0
      ],
      "transform": [
        [
          0.968876,
          0.247374,
          -0.009222,
          0.0,
          -0.24754,
          0.968439,
          -0.029147,
          1.413075,
          0.00172,
          0.030522,
          0.999533,
          0.0,
          0.0,
          0.0,
          0.0,
          1.0
        ]
      ]
    },
    {
      "name": "Tentacle2_3.R",
      "time": [
        0.0
      ],
      "transform": [
        [
          0.999996,
          8e-06,
          0.002765,
          -0.0,
          0.0,
          0.999996,
          -0.002765,
          1.413327,
          -0.002765,
          0.002765,
          0.999992,
          1e-06,
          0.0,
          0.0,
          0.0,
          1.0
        ]
      ]
    },
    {
      "name": "Tentacle3_0.R",
      "time": [
        0.0
      ],
      "transform": [
        [
          0.0,
          0.342572,
          -0.0,
          -0.850217,
          -0.0,
          0.0,
          0.342572,
          0.858281,
          0.342572,
          0.0,
          0.0,
          0.0,
          0.0,
          0.0,
          0.0,
          1.0
        ]
      ]
    },
    {
      "name": "Tentacle3_1.R",
      "time": [
        0.0
      ],
      "transform": [
        [
          0.966841,
          0.255368,
          0.002576,
          -0.0,
          -0.255109,
          0.966228,
          -0.036384,
          1.058051,
          -0.011781,
          0.03452,
          0.999335,
          -0.0,
          0.0,
          0.0,
          0.0,
          1.0
        ]
      ]
    },
    {
      "name": "Tentacle3_2.R",
      "time": [
        0.0
      ],
      "transform": [
        [
          0.994498,
          -0.104624,
          -0.00524,
          0.0,
          0.104696,
          0.994372,
          0.016212,
          1.413108,
          0.003514,
          -0.016671,
          0.999855,
          -0.0,
          0.0,
          0.0,
          0.0,
          1.0
        ]
      ]
    },
    {
      "name": "Tentacle3_3.R",
      "time": [
        0.0
      ],
      "transform": [
        [
          0.999998,
          3e-06,
          -0.00183,
          -0.0,
          0.0,
          0.999998,
          0.00183,
          1.413325,
          0.00183,
          -0.00183,
          0.999997,
          -0.0,
          0.0,
          0.0,
          0.0,
          1.0
        ]
      ]
    },
    {
      "name": "Rock",
      "time": [
        0.0
      ],
      "transform": [
        [
          1.0,
          0.0,
          0.0,
          0.0,
          0.0,
          1.0,
          0.0,
          0.0,
          0.0,
          0.0,
          1.0,
          0.0,
          0.0,
          0.0,
          0.0,
          1.0
        ]
      ]
    }
  ],
  "fps": 30.0
}