{
  "animation": [
    {
      "name": "Root",
      "time": [
        0.0,
        1.9
      ],
      "transform": [
        [
          1.0,
          0.0,
          0.0,
          0.0,
          0.0,
          0.0,
          -1.0,
          0.0,
          0.0,
          1.0,
          0.0,
          0.0,
          0.0,
          0.0,
          0.0,
          1.0
        ],
        [
          1.0,
          0.0,
          0.0,
          0.0,
          0.0,
          0.0,
          -1.0,
          0.0,
          0.0,
          1.0,
          0.0,
          0.0,
          0.0,
          0.0,
          0.0,
          1.0
        ]
      ]
    },
    {
      "name": "Tablet",
      "time": [
        0.0,
        1.9
      ],
      "transform": [
        [
          1.0,
          0.0,
          0.0,
          0.0,
          0.0,
          1.0,
          0.0,
          0.4,
          0.0,
          0.0,
          1.0,
          0.0,
          0.0,
          0.0,
          0.0,
          1.0
        ],
        [
          1.0,
          0.0,
          0.0,
          0.0,
          0.0,
          1.0,
          0.0,
          0.4,
          0.0,
          0.0,
          1.0,
          0.0,
          0.0,
          0.0,
          0.0,
          1.0
        ]
      ]
    },
    {
      "name": "Tentacle1_0.L",
      "time": [
        0.0,
        0.0333,
        0.0667,
        0.1,
        0.1333,
        0.1667,
        0.2,
        0.2333,
        0.2667,
        0.3,
        0.3333,
        0.3667,
        0.4,
        0.4333,
        0.4667,
        0.5,
        0.5333,
        0.5667,
        0.6,
        0.6333,
        0.6667,
        0.7,
        0.7333,
        0.7667,
        0.8,
        0.8333,
        0.8667,
        0.9,
        0.9333,
        0.9667,
        1.0,
        1.0333,
        1.0667,
        1.1,
        1.1333,
        1.1667,
        1.2,
        1.2333,
        1.2667,
        1.3,
        1.3333,
        1.3667,
        1.4,
        1.4333,
        1.4667,
        1.5,
        1.5333,
        1.5667,
        1.6,
        1.6333,
        1.6667,
        1.7,
        1.7333,
        1.7667,
        1.8,
        1.8333,
        1.8667,
        1.9
      ],
      "transform": [
        [
          0.0,
          -0.963473,
          -0.267807,
          -0.848016,
          -0.0,
          -0.267807,
          0.963473,
          2.615983,
          -1.0,
          0.0,
          -0.0,
          0.0,
          0.0,
          0.0,
          0.0,
          1.0
        ],
        [
          0.0,
          -0.972562,
          -0.232643,
          -0.848016,
          -0.0,
          -0.232643,
          0.972562,
          2.615983,
          -1.0,
          0.0,
          -0.0,
          0.0,
          0.0,
          0.0,
          0.0,
          1.0
        ],
        [
          0.0,
          -0.991153,
          -0.132721,
          -0.848016,
          -0.0,
          -0.132721,
          0.991153,
          2.615983,
          -1.0,
          0.0,
          -0.0,
          0.0,
          0.0,
          0.0,
          0.0,
          1.0
        ],
        [
          0.0,
          -0.999728,
          0.023313,
          -0.848016,
          -0.0,
          0.023313,
          0.999728,
          2.615983,
          -1.0,
          -0.0,
          -0.0,
          0.0,
          0.0,
          0.0,
          0.0,
          1.0
        ],
        [
          0.0,
          -0.975489,
          0.220047,
          -0.848016,
          -0.0,
          0.220047,
          0.975489,
          2.615983,
          -1.0,
          -0.0,
          -0.0,
          0.0,
          0.0,
          0.0,
          0.0,
          1.0
        ],
        [
          0.0,
          -0.902113,
          0.4315,
          -0.848016,
          -0.0,
          0.4315,
          0.902113,
          2.615983,
          -1.0,
          -0.0,
          -0.0,
          0.0,
          0.0,
          0.0,
          0.0,
          1.0
        ],
        [
          0.0,
          -0.77942,
          0.626501,
          -0.848016,
          -0.0,
          0.626501,
          0.77942,
          2.615983,
          -1.0,
          -0.0,
          -0.0,
          0.0,
          0.0,
          0.0,
          0.0,
          1.0
        ],
        [
          0.0,
          -0.624686,
          0.780876,
          -0.848016,
          -0.0,
          0.780876,
          0.624686,
          2.615983,
          -1.0,
          -0.0,
          -0.0,
          0.0,
          0.0,
          0.0,
          0.0,
          1.0
        ],
        [
          0.0,
          -0.463519,
          0.886087,
          -0.848016,
          -0.0,
          0.886087,
          0.463519,
          2.615983,
          -1.0,
          -0.0,
          -0.0,
          0.0,
          0.0,
          0.0,
          0.0,
          1.0
        ],
        [
          0.0,
          -0.318716,
          0.94785,
          -0.848016,
          -0.0,
          0.94785,
          0.318716,
          2.615983,
          -1.0,
          -0.0,
          -0.0,
          0.0,
          0.0,
          0.0,
          0.0,
          1.0
        ],
        [
          0.0,
          -0.205203,
          0.978719,
          -0.848016,
          -0.0,
          0.978719,
          0.205203,
          2.615983,
          -1.0,
          -0.0,
          -0.0,
          0.0,
          0.0,
          0.0,
          0.0,
          1.0
        ],
        [
          0.0,
          -0.13141,
          0.991328,
          -0.848016,
          -0.0,
          0.991328,
          0.13141,
          2.615983,
          -1.0,
          -0.0,
          -0.0,
          0.0,
          0.0,
          0.0,
          0.0,
          1.0
        ],
        [
          0.0,
          -0.103464,
          0.994633,
          -0.848016,
          -0.0,
          0.994633,
          0.103464,
          2.615983,
          -1.0,
          -0.0,
          -0.0,
          0.0,
          0.0,
          0.0,
          0.0,
          1.0
        ],
        [
          0.0,
          -0.129748,
          0.991547,
          -0.848016,
          -0.0,
          0.991547,
          0.129748,
          2.615983,
          -1.0,
          -0.0,
          -0.0,
          0.0,
          0.0,
          0.0,
          0.0,
          1.0
        ],
        [
          0.0,
          -0.22511,
          0.974333,
          -0.848016,
          -0.0,
          0.974333,
          0.22511,
          2.615983,
          -1.0,
          -0.0,
          -0.0,
          0.0,
          0.0,
          0.0,
          0.0,
          1.0
        ],
        [
          0.0,
          -0.412108,
          0.911135,
          -0.848016,
          -0.0,
          0.911135,
          0.412108,
          2.615983,
          -1.0,
          -0.0,
          -0.0,
          0.0,
          0.0,
          0.0,
          0.0,
          1.0
        ],
        [
          -0.000336,
          -0.702612,
          0.720958,
          -0.848016,
          7.5e-05,
          0.730979,
          0.692979,
          2.615983,
          -1.0,
          0.000291,
          -0.00019,
          0.0,
          0.0,
          0.0,
          0.0,
          1.0
        ],
        [
          -0.001105,
          -0.996572,
          0.314109,
          -0.848016,
          -2.4e-05,
          0.329721,
          0.949387,
          2.615983,
          -0.999999,
          0.001093,
          -0.00037,
          0.0,
          0.0,
          0.0,
          0.0,
          1.0
        ],
        [
          -0.001587,
          -1.067938,
          -0.234426,
          -0.848016,
          -0.00049,
          -0.257528,
          0.972134,
          2.615983,
          -0.999999,
          0.001821,
          -0.000105,
          0.0,
          0.0,
          0.0,
          0.0,
          1.0
        ],
        [
          -0.001178,
          -0.854108,
          -0.670764,
          -0.848016,
          -0.00072,
          -0.772452,
          0.741671,
          2.615983,
          -0.999999,
          0.001562,
          0.000256,
          0.0,
          0.0,
          0.0,
          0.0,
          1.0
        ],
        [
          0.0,
          -0.548924,
          -0.889242,
          -0.848016,
          -0.0,
          -1.06709,
          0.457437,
          2.615983,
          -1.0,
          0.0,
          -0.0,
          0.0,
          0.0,
          0.0,
          0.0,
          1.0
        ],
        [
          0.00163,
          -0.310776,
          -0.967905,
          -0.848016,
          0.001817,
          -1.196925,
          0.251314,
          2.615983,
          -0.999997,
          -0.002682,
          -0.001121,
          0.0,
          0.0,
          0.0,
          0.0,
          1.0
        ],
        [
          0.003393,
          -0.163207,
          -0.991586,
          -0.848016,
          0.004292,
          -1.250574,
          0.129421,
          2.615983,
          -0.999985,
          -0.005921,
          -0.002809,
          0.0,
          0.0,
          0.0,
          0.0,
          1.0
        ],
        [
          0.005192,
          -0.090119,
          -0.997486,
          -0.848016,
          0.006981,
          -1.271972,
          0.070706,
          2.615983,
          -0.999962,
          -0.009348,
          -0.004685,
          0.0,
          0.0,
          0.0,
          0.0,
          1.0
        ],
        [
          0.006998,
          -0.075826,
          -0.998219,
          -0.848016,
          0.009524,
          -1.277773,
          0.059301,
          2.615983,
          -0.99993,
          -0.012701,
          -0.006422,
          0.0,
          0.0,
          0.0,
          0.0,
          1.0
        ],
        [
          0.00873,
          -0.109174,
          -0.996302,
          -0.848016,
          0.011558,
          -1.272555,
          0.085569,
          2.615983,
          -0.999895,
          -0.015663,
          -0.007709,
          0.0,
          0.0,
          0.0,
          0.0,
          1.0
        ],
        [
          0.01017,
          -0.181943,
          -0.989606,
          -0.848016,
          0.012678,
          -1.255136,
          0.143568,
          2.615983,
          -0.999868,
          -0.017765,
          -0.008245,
          0.0,
          0.0,
          0.0,
          0.0,
          1.0
        ],
        [
          0.01089,
          -0.286553,
          -0.973511,
          -0.848016,
          0.012434,
          -1.221414,
          0.228509,
          2.615983,
          -0.999863,
          -0.01831,
          -0.007762,
          0.0,
          0.0,
          0.0,
          0.0,
          1.0
        ],
        [
          0.01017,
          -0.413954,
          -0.942365,
          -0.848016,
          0.010392,
          -1.166397,
          0.334531,
          2.615983,
          -0.999894,
          -0.016333,
          -0.006108,
          0.0,
          0.0,
          0.0,
          0.0,
          1.0
        ],
        [
          0.006965,
          -0.552198,
          -0.891498,
          -0.848016,
          0.006255,
          -1.086769,
          0.453012,
          2.615983,
          -0.999956,
          -0.010644,
          -0.003376,
          0.0,
          0.0,
          0.0,
          0.0,
          1.0
        ],
        [
          0.0,
          -0.686616,
          -0.820128,
          -0.848016,
          -0.0,
          -0.984154,
          0.57218,
          2.615983,
          -1.0,
          -0.0,
          -0.0,
          0.0,
          0.0,
          0.0,
          0.0,
          1.0
        ],
        [
          -0.011865,
          -0.803945,
          -0.732876,
          -0.848016,
          -0.00799,
          -0.866086,
          0.680355,
          2.615983,
          -0.999898,
          0.01646,
          0.00326,
          0.0,
          0.0,
          0.0,
          0.0,
          1.0
        ],
        [
          -0.028985,
          -0.899638,
          -0.634484,
          -0.848016,
          -0.016791,
          -0.738779,
          0.772917,
          2.615983,
          -0.999439,
          0.038502,
          0.005415,
          0.0,
          0.0,
          0.0,
          0.0,
          1.0
        ],
        [
          -0.051221,
          -0.972667,
          -0.529545,
          -0.848016,
          -0.025407,
          -0.607636,
          0.848264,
          2.615983,
          -0.998364,
          0.065367,
          0.005581,
          0.0,
          0.0,
          0.0,
          0.0,
          1.0
        ],
        [
          -0.078113,
          -1.023661,
          -0.42269,
          -0.848016,
          -0.03299,
          -0.477774,
          0.906269,
          2.615983,
          -0.996399,
          0.096069,
          0.003131,
          0.0,
          0.0,
          0.0,
          0.0,
          1.0
        ],
        [
          -0.108965,
          -1.054575,
          -0.318073,
          -0.848016,
          -0.038929,
          -0.353498,
          0.948063,
          2.615983,
          -0.993283,
          0.129544,
          -0.002263,
          0.0,
          0.0,
          0.0,
          0.0,
          1.0
        ],
        [
          -0.142958,
          -1.068223,
          -0.219031,
          -0.848016,
          -0.042872,
          -0.238015,
          0.97566,
          2.615983,
          -0.9888,
          0.16476,
          -0.010636,
          0.0,
          0.0,
          0.0,
          0.0,
          1.0
        ],
        [
          -0.179241,
          -1.0678,
          -0.127948,
          -0.848016,
          -0.044719,
          -0.133376,
          0.991542,
          2.615983,
          -0.982788,
          0.200814,
          -0.021782,
          0.0,
          0.0,
          0.0,
          0.0,
          1.0
        ],
        [
          -0.217007,
          -1.056492,
          -0.046286,
          -0.848016,
          -0.044566,
          -0.040599,
          0.998303,
          2.615983,
          -0.975152,
          0.236964,
          -0.035324,
          0.0,
          0.0,
          0.0,
          0.0,
          1.0
        ],
        [
          -0.255533,
          -1.037215,
          0.025276,
          -0.848016,
          -0.042655,
          0.040126,
          0.99839,
          2.615983,
          -0.965859,
          0.27264,
          -0.050779,
          0.0,
          0.0,
          0.0,
          0.0,
          1.0
        ],
        [
          -0.294196,
          -1.012473,
          0.086669,
          -0.848016,
          -0.039314,
          0.1092,
          0.99394,
          2.615983,
          -0.954936,
          0.307427,
          -0.06762,
          0.0,
          0.0,
          0.0,
          0.0,
          1.0
        ],
        [
          -0.332473,
          -0.984312,
          0.138252,
          -0.848016,
          -0.034909,
          0.167404,
          0.986715,
          2.615983,
          -0.942466,
          0.341035,
          -0.085319,
          0.0,
          0.0,
          0.0,
          0.0,
          1.0
        ],
        [
          -0.369933,
          -0.954339,
          0.180665,
          -0.848016,
          -0.029811,
          0.215727,
          0.978097,
          2.615983,
          -0.92858,
          0.373269,
          -0.103375,
          0.0,
          0.0,
          0.0,
          0.0,
          1.0
        ],
        [
          -0.406219,
          -0.923776,
          0.21471,
          -0.848016,
          -0.024369,
          0.255248,
          0.969112,
          2.615983,
          -0.913451,
          0.404002,
          -0.121337,
          0.0,
          0.0,
          0.0,
          0.0,
          1.0
        ],
        [
          -0.44104,
          -0.893527,
          0.241264,
          -0.848016,
          -0.018893,
          0.287045,
          0.960481,
          2.615983,
          -0.897289,
          0.433147,
          -0.13881,
          0.0,
          0.0,
          0.0,
          0.0,
          1.0
        ],
        [
          -0.47415,
          -0.864243,
          0.261229,
          -0.848016,
          -0.013645,
          0.312152,
          0.952675,
          2.615983,
          -0.880338,
          0.460643,
          -0.155464,
          0.0,
          0.0,
          0.0,
          0.0,
          1.0
        ],
        [
          -0.505347,
          -0.836387,
          0.275492,
          -0.848016,
          -0.008835,
          0.331528,
          0.945967,
          2.615983,
          -0.862871,
          0.486442,
          -0.171029,
          0.0,
          0.0,
          0.0,
          0.0,
          1.0
        ],
        [
          -0.534456,
          -0.810281,
          0.284908,
          -0.848016,
          -0.004617,
          0.34605,
          0.940474,
          2.615983,
          -0.845183,
          0.510495,
          -0.185301,
          0.0,
          0.0,
          0.0,
          0.0,
          1.0
        ],
        [
          -0.561331,
          -0.786152,
          0.290289,
          -0.848016,
          -0.001092,
          0.35651,
          0.936203,
          2.615983,
          -0.827591,
          0.532754,
          -0.19813,
          0.0,
          0.0,
          0.0,
          0.0,
          1.0
        ],
        [
          -0.585843,
          -0.764163,
          0.292402,
          -0.848016,
          0.00169,
          0.363623,
          0.933082,
          2.615983,
          -0.810423,
          0.553161,
          -0.209428,
          0.0,
          0.0,
          0.0,
          0.0,
          1.0
        ],
        [
          -0.60788,
          -0.744433,
          0.29197,
          -0.848016,
          0.003729,
          0.368031,
          0.930981,
          2.615983,
          -0.79402,
          0.571647,
          -0.219153,
          0.0,
          0.0,
          0.0,
          0.0,
          1.0
        ],
        [
          -0.627342,
          -0.727063,
          0.289673,
          -0.848016,
          0.005068,
          0.370316,
          0.929742,
          2.615983,
          -0.778727,
          0.588131,
          -0.227309,
          0.0,
          0.0,
          0.0,
          0.0,
          1.0
        ],
        [
          -0.644133,
          -0.712138,
          0.286154,
          -0.848016,
          0.005791,
          0.371008,
          0.929186,
          2.615983,
          -0.764892,
          0.602517,
          -0.233942,
          0.0,
          0.0,
          0.0,
          0.0,
          1.0
        ],
        [
          -0.658158,
          -0.699745,
          0.282022,
          -0.848016,
          0.006013,
          0.370596,
          0.92913,
          2.615983,
          -0.752856,
          0.614688,
          -0.239127,
          0.0,
          0.0,
          0.0,
          0.0,
          1.0
        ],
        [
          -0.669316,
          -0.689965,
          0.277859,
          -0.848016,
          0.005881,
          0.369537,
          0.929389,
          2.615983,
          -0.742955,
          0.624504,
          -0.242962,
          0.0,
          0.0,
          0.0,
          0.0,
          1.0
        ],
        [
          -0.677489,
          -0.682885,
          0.274224,
          -0.848016,
          0.00556,
          0.368266,
          0.929786,
          2.615983,
          -0.735512,
          0.631797,
          -0.245561,
          0.0,
          0.0,
          0.0,
          0.0,
          1.0
        ],
        [
          -0.682531,
          -0.678585,
          0.271656,
          -0.848016,
          0.005231,
          0.3672,
          0.930147,
          2.615983,
          -0.730838,
          0.636361,
          -0.247042,
          0.0,
          0.0,
          0.0,
          0.0,
          1.0
        ],
        [
          -0.684261,
          -0.677139,
          0.270683,
          -0.848016,
          0.00508,
          0.366752,
          0.930305,
          2.615983,
          -0.729219,
          0.637947,
          -0.247515,
          0.0,
          0.0,
          0.0,
          0.0,
          1.0
        ]
      ]
    },
    {
      "name": "Tentacle1_1.L",
      "time": [
        0.0,
        0.0333,
        0.0667,
        0.1,
        0.1333,
        0.1667,
        0.2,
        0.2333,
        0.2667,
        0.3,
        0.3333,
        0.3667,
        0.4,
        0.4333,
        0.4667,
        0.5,
        0.5333,
        0.5667,
        0.6,
        0.6333,
        0.6667,
        0.7,
        0.7333,
        0.7667,
        0.8,
        0.8333,
        0.8667,
        0.9,
        0.9333,
        0.9667,
        1.0,
        1.0333,
        1.0667,
        1.1,
        1.1333,
        1.1667,
        1.2,
        1.2333,
        1.2667,
        1.3,
        1.3333,
        1.3667,
        1.4,
        1.4333,
        1.4667,
        1.5,
        1.5333,
        1.5667,
        1.6,
        1.6333,
        1.6667,
        1.7,
        1.7333,
        1.7667,
        1.8,
        1.8333,
        1.8667,
        1.9
      ],
      "transform": [
        [
          0.974018,
          0.224038,
          -0.033099,
          0.0,
          -0.218332,
          0.890114,
          -0.400036,
          1.057274,
          -0.060161,
          0.396869,
          0.915902,
          -0.0,
          0.0,
          0.0,
          0.0,
          1.0
        ],
        [
          0.975533,
          0.217007,
          -0.035281,
          0.0,
          -0.21213,
          0.886887,
          -0.410405,
          1.057274,
          -0.057771,
          0.407847,
          0.911221,
          -0.0,
          0.0,
          0.0,
          0.0,
          1.0
        ],
        [
          0.979504,
          0.19726,
          -0.040752,
          0.0,
          -0.194945,
          0.877478,
          -0.43821,
          1.057274,
          -0.050682,
          0.437173,
          0.897948,
          0.0,
          0.0,
          0.0,
          0.0,
          1.0
        ],
        [
          0.984856,
          0.166696,
          -0.047658,
          0.0,
          -0.169,
          0.861647,
          -0.478542,
          1.057274,
          -0.038706,
          0.479349,
          0.87677,
          0.0,
          0.0,
          0.0,
          0.0,
          1.0
        ],
        [
          0.990387,
          0.127279,
          -0.05416,
          0.0,
          -0.136628,
          0.839038,
          -0.526638,
          1.057274,
          -0.021587,
          0.528975,
          0.848363,
          -0.0,
          0.0,
          0.0,
          0.0,
          1.0
        ],
        [
          0.994964,
          0.081207,
          -0.058754,
          -0.0,
          -0.100231,
          0.809775,
          -0.578117,
          1.057274,
          0.00063,
          0.581095,
          0.813836,
          0.0,
          0.0,
          0.0,
          0.0,
          1.0
        ],
        [
          0.99769,
          0.030967,
          -0.060457,
          -0.0,
          -0.062176,
          0.774743,
          -0.629212,
          1.057274,
          0.027354,
          0.631518,
          0.774879,
          0.0,
          0.0,
          0.0,
          0.0,
          1.0
        ],
        [
          0.998051,
          -0.02073,
          -0.05885,
          -0.0,
          -0.024626,
          0.735742,
          -0.676814,
          1.057274,
          0.057329,
          0.676944,
          0.733798,
          -0.0,
          0.0,
          0.0,
          0.0,
          1.0
        ],
        [
          0.995999,
          -0.071144,
          -0.054077,
          -0.0,
          0.010683,
          0.695588,
          -0.718361,
          1.057274,
          0.088722,
          0.714909,
          0.693565,
          -0.0,
          0.0,
          0.0,
          0.0,
          1.0
        ],
        [
          0.991935,
          -0.117776,
          -0.046843,
          0.0,
          0.042629,
          0.658038,
          -0.751777,
          1.057274,
          0.119366,
          0.743717,
          0.657752,
          -0.0,
          0.0,
          0.0,
          0.0,
          1.0
        ],
        [
          0.986601,
          -0.158584,
          -0.038343,
          0.0,
          0.070713,
          0.627423,
          -0.775462,
          1.057274,
          0.147033,
          0.76236,
          0.63023,
          -0.0,
          0.0,
          0.0,
          0.0,
          1.0
        ],
        [
          0.980939,
          -0.191979,
          -0.030055,
          0.0,
          0.094871,
          0.60814,
          -0.788141,
          1.057273,
          0.169583,
          0.770266,
          0.614761,
          0.0,
          0.0,
          0.0,
          0.0,
          1.0
        ],
        [
          0.975971,
          -0.216631,
          -0.023464,
          0.0,
          0.115158,
          0.604211,
          -0.788459,
          1.057274,
          0.184982,
          0.766811,
          0.61464,
          0.0,
          0.0,
          0.0,
          0.0,
          1.0
        ],
        [
          0.972717,
          -0.231154,
          -0.019749,
          0.0,
          0.131355,
          0.618916,
          -0.774395,
          1.057274,
          0.191228,
          0.750673,
          0.632394,
          0.0,
          0.0,
          0.0,
          0.0,
          1.0
        ],
        [
          0.972099,
          -0.233765,
          -0.019438,
          0.0,
          0.142486,
          0.654281,
          -0.742707,
          1.057274,
          0.186337,
          0.719215,
          0.669334,
          -0.0,
          0.0,
          0.0,
          0.0,
          1.0
        ],
        [
          0.974779,
          -0.222089,
          -0.02197,
          -0.0,
          0.14627,
          0.71013,
          -0.68871,
          1.057274,
          0.168557,
          0.668126,
          0.724705,
          -0.0,
          0.0,
          0.0,
          0.0,
          1.0
        ],
        [
          0.980485,
          -0.194997,
          -0.025099,
          0.0,
          0.139474,
          0.781384,
          -0.608089,
          1.057274,
          0.138522,
          0.594733,
          0.792034,
          0.0,
          0.0,
          0.0,
          0.0,
          1.0
        ],
        [
          0.987507,
          -0.155286,
          -0.027267,
          -0.0,
          0.119827,
          0.85918,
          -0.495822,
          1.057274,
          0.101899,
          0.498011,
          0.862178,
          0.0,
          0.0,
          0.0,
          0.0,
          1.0
        ],
        [
          0.993979,
          -0.106341,
          -0.027291,
          0.0,
          0.087217,
          0.931109,
          -0.347771,
          1.057274,
          0.064873,
          0.372853,
          0.928512,
          0.0,
          0.0,
          0.0,
          0.0,
          1.0
        ],
        [
          0.998276,
          -0.054676,
          -0.022308,
          -0.0,
          0.046785,
          0.980938,
          -0.170555,
          1.057274,
          0.033095,
          0.21503,
          0.98042,
          0.0,
          0.0,
          0.0,
          0.0,
          1.0
        ],
        [
          0.999903,
          -0.010275,
          -0.010737,
          -0.0,
          0.007615,
          0.997167,
          0.010577,
          1.057274,
          0.010718,
          0.038043,
          1.003155,
          0.0,
          0.0,
          0.0,
          0.0,
          1.0
        ],
        [
          0.999789,
          0.020556,
          0.003745,
          0.0,
          -0.023053,
          0.984707,
          0.164022,
          1.057274,
          -0.001384,
          -0.125971,
          0.994273,
          0.0,
          0.0,
          0.0,
          0.0,
          1.0
        ],
        [
          0.999093,
          0.039317,
          0.016543,
          -0.0,
          -0.043956,
          0.959803,
          0.275148,
          1.057274,
          -0.006274,
          -0.25112,
          0.968866,
          0.0,
          0.0,
          0.0,
          0.0,
          1.0
        ],
        [
          0.998475,
          0.049174,
          0.025164,
          0.0,
          -0.055937,
          0.935439,
          0.348568,
          1.057274,
          -0.007221,
          -0.336248,
          0.942025,
          -0.0,
          0.0,
          0.0,
          0.0,
          1.0
        ],
        [
          0.998199,
          0.052513,
          0.029006,
          0.0,
          -0.060277,
          0.91737,
          0.393389,
          1.057274,
          -0.006274,
          -0.389616,
          0.920994,
          -0.0,
          0.0,
          0.0,
          0.0,
          1.0
        ],
        [
          0.998283,
          0.050972,
          0.028426,
          -0.0,
          -0.058331,
          0.906948,
          0.417138,
          1.057274,
          -0.004454,
          -0.41936,
          0.907799,
          0.0,
          0.0,
          0.0,
          0.0,
          1.0
        ],
        [
          0.998665,
          0.045665,
          0.024182,
          0.0,
          -0.051415,
          0.90353,
          0.425353,
          1.057274,
          -0.002103,
          -0.431754,
          0.902048,
          -0.0,
          0.0,
          0.0,
          0.0,
          1.0
        ],
        [
          0.999147,
          0.037559,
          0.0172,
          -0.0,
          -0.040806,
          0.905535,
          0.422102,
          1.057274,
          0.000675,
          -0.431508,
          0.902259,
          0.0,
          0.0,
          0.0,
          0.0,
          1.0
        ],
        [
          0.999587,
          0.027532,
          0.008464,
          -0.0,
          -0.027803,
          0.91114,
          0.410795,
          1.057274,
          0.00393,
          -0.422431,
          0.906638,
          -0.0,
          0.0,
          0.0,
          0.0,
          1.0
        ],
        [
          0.999864,
          0.01657,
          -0.001034,
          0.0,
          -0.013773,
          0.918559,
          0.394505,
          1.057274,
          0.007657,
          -0.407798,
          0.913386,
          -0.0,
          0.0,
          0.0,
          0.0,
          1.0
        ],
        [
          0.999932,
          0.005841,
          -0.010326,
          0.0,
          -0.000182,
          0.926277,
          0.376127,
          1.057274,
          0.011724,
          -0.390503,
          0.920945,
          0.0,
          0.0,
          0.0,
          0.0,
          1.0
        ],
        [
          0.999825,
          -0.003502,
          -0.018637,
          0.0,
          0.011661,
          0.933265,
          0.358141,
          1.057274,
          0.0159,
          -0.372995,
          0.928154,
          -0.0,
          0.0,
          0.0,
          0.0,
          1.0
        ],
        [
          0.999612,
          -0.011147,
          -0.025863,
          -0.0,
          0.021473,
          0.939059,
          0.342088,
          1.057274,
          0.020062,
          -0.357245,
          0.934282,
          0.0,
          0.0,
          0.0,
          0.0,
          1.0
        ],
        [
          0.999355,
          -0.017026,
          -0.032086,
          0.0,
          0.029251,
          0.943711,
          0.328334,
          1.057274,
          0.024135,
          -0.343706,
          0.939281,
          -0.0,
          0.0,
          0.0,
          0.0,
          1.0
        ],
        [
          0.999101,
          -0.021107,
          -0.037381,
          -0.0,
          0.035002,
          0.947428,
          0.316762,
          1.057274,
          0.028065,
          -0.332181,
          0.943332,
          0.0,
          0.0,
          0.0,
          0.0,
          1.0
        ],
        [
          0.998885,
          -0.023399,
          -0.041812,
          -0.0,
          0.03876,
          0.950409,
          0.307158,
          1.057274,
          0.031812,
          -0.322387,
          0.946617,
          -0.0,
          0.0,
          0.0,
          0.0,
          1.0
        ],
        [
          0.998726,
          -0.023953,
          -0.045437,
          -0.0,
          0.04058,
          0.952821,
          0.299286,
          1.057274,
          0.035348,
          -0.314053,
          0.949288,
          0.0,
          0.0,
          0.0,
          0.0,
          1.0
        ],
        [
          0.998634,
          -0.022846,
          -0.04831,
          0.0,
          0.040541,
          0.954792,
          0.292906,
          1.057274,
          0.038655,
          -0.306934,
          0.951469,
          0.0,
          0.0,
          0.0,
          0.0,
          1.0
        ],
        [
          0.998601,
          -0.020179,
          -0.050482,
          -0.0,
          0.038741,
          0.956421,
          0.287788,
          1.057274,
          0.041723,
          -0.300822,
          0.953259,
          0.0,
          0.0,
          0.0,
          0.0,
          1.0
        ],
        [
          0.998618,
          -0.016065,
          -0.052007,
          -0.0,
          0.035293,
          0.957779,
          0.283717,
          1.057274,
          0.044554,
          -0.295535,
          0.954743,
          -0.0,
          0.0,
          0.0,
          0.0,
          1.0
        ],
        [
          0.99866,
          -0.01063,
          -0.05294,
          -0.0,
          0.030321,
          0.958917,
          0.280486,
          1.057274,
          0.047154,
          -0.290915,
          0.955986,
          1e-06,
          0.0,
          0.0,
          0.0,
          1.0
        ],
        [
          0.998706,
          -0.004005,
          -0.053338,
          0.0,
          0.023962,
          0.959873,
          0.277902,
          1.057274,
          0.049537,
          -0.286818,
          0.957048,
          0.0,
          0.0,
          0.0,
          0.0,
          1.0
        ],
        [
          0.998727,
          0.003671,
          -0.053265,
          0.0,
          0.016363,
          0.960673,
          0.275783,
          1.057274,
          0.051721,
          -0.283112,
          0.957979,
          0.0,
          0.0,
          0.0,
          0.0,
          1.0
        ],
        [
          0.998697,
          0.012253,
          -0.052787,
          0.0,
          0.007681,
          0.961338,
          0.273955,
          1.057274,
          0.053725,
          -0.279671,
          0.958824,
          0.0,
          0.0,
          0.0,
          0.0,
          1.0
        ],
        [
          0.99859,
          0.021583,
          -0.051972,
          -0.0,
          -0.001909,
          0.961885,
          0.272255,
          1.057274,
          0.055569,
          -0.276376,
          0.959622,
          0.0,
          0.0,
          0.0,
          0.0,
          1.0
        ],
        [
          0.998386,
          0.03149,
          -0.050891,
          -0.0,
          -0.012218,
          0.962331,
          0.270536,
          1.057274,
          0.057266,
          -0.273115,
          0.96041,
          0.0,
          0.0,
          0.0,
          0.0,
          1.0
        ],
        [
          0.99807,
          0.041778,
          -0.049619,
          0.0,
          -0.023031,
          0.962694,
          0.268662,
          1.057274,
          0.058826,
          -0.269786,
          0.961218,
          0.0,
          0.0,
          0.0,
          0.0,
          1.0
        ],
        [
          0.997637,
          0.052226,
          -0.048228,
          -0.0,
          -0.034102,
          0.962997,
          0.266522,
          1.057274,
          0.060246,
          -0.266305,
          0.962069,
          -0.0,
          0.0,
          0.0,
          0.0,
          1.0
        ],
        [
          0.997096,
          0.062571,
          -0.04679,
          0.0,
          -0.045145,
          0.963265,
          0.264028,
          1.057274,
          0.061513,
          -0.262604,
          0.962982,
          0.0,
          0.0,
          0.0,
          0.0,
          1.0
        ],
        [
          0.996469,
          0.072505,
          -0.045372,
          0.0,
          -0.05583,
          0.96353,
          0.261131,
          1.057274,
          0.0626,
          -0.258652,
          0.963964,
          0.0,
          0.0,
          0.0,
          0.0,
          1.0
        ],
        [
          0.995797,
          0.08166,
          -0.044032,
          0.0,
          -0.065763,
          0.963828,
          0.257818,
          1.057274,
          0.063464,
          -0.254451,
          0.965014,
          0.0,
          0.0,
          0.0,
          0.0,
          1.0
        ],
        [
          0.995143,
          0.089603,
          -0.042822,
          -0.0,
          -0.074487,
          0.964206,
          0.254129,
          1.057274,
          0.064044,
          -0.250058,
          0.966117,
          0.0,
          0.0,
          0.0,
          0.0,
          1.0
        ],
        [
          0.994583,
          0.095821,
          -0.041777,
          0.0,
          -0.081469,
          0.964705,
          0.250164,
          1.057274,
          0.064266,
          -0.245587,
          0.967245,
          -0.0,
          0.0,
          0.0,
          0.0,
          1.0
        ],
        [
          0.994212,
          0.099722,
          -0.040919,
          -0.0,
          -0.086096,
          0.965376,
          0.24609,
          1.057274,
          0.06404,
          -0.241222,
          0.968355,
          -0.0,
          0.0,
          0.0,
          0.0,
          1.0
        ],
        [
          0.994129,
          0.100643,
          -0.040256,
          0.0,
          -0.087689,
          0.966249,
          0.242144,
          1.057274,
          0.063266,
          -0.237219,
          0.969394,
          -0.0,
          0.0,
          0.0,
          0.0,
          1.0
        ],
        [
          0.994412,
          0.097867,
          -0.039786,
          0.0,
          -0.08552,
          0.96733,
          0.238628,
          1.057274,
          0.06184,
          -0.233898,
          0.970293,
          -0.0,
          0.0,
          0.0,
          0.0,
          1.0
        ],
        [
          0.995098,
          0.090671,
          -0.039513,
          -0.0,
          -0.078856,
          0.968572,
          0.235896,
          1.057274,
          0.05966,
          -0.231624,
          0.970975,
          0.0,
          0.0,
          0.0,
          0.0,
          1.0
        ],
        [
          0.996142,
          0.078395,
          -0.039458,
          0.0,
          -0.067045,
          0.969847,
          0.234314,
          1.057274,
          0.056637,
          -0.230764,
          0.97136,
          -0.0,
          0.0,
          0.0,
          0.0,
          1.0
        ]
      ]
    },
    {
      "name": "Tentacle1_2.L",
      "time": [
        0.0,
        0.0333,
        0.0667,
        0.1,
        0.1333,
        0.1667,
        0.2,
        0.2333,
        0.2667,
        0.3,
        0.3333,
        0.3667,
        0.4,
        0.4333,
        0.4667,
        0.5,
        0.5333,
        0.5667,
        0.6,
        0.6333,
        0.6667,
        0.7,
        0.7333,
        0.7667,
        0.8,
        0.8333,
        0.8667,
        0.9,
        0.9333,
        0.9667,
