{
  "animation": [
    {
      "name": "Root",
      "time": [
        0.0,
        0.0333,
        0.0667,
        0.1,
        0.1333,
        0.1667,
        0.2,
        0.2333,
        0.2667,
        0.3,
        0.3333,
        0.3667,
        0.4,
        0.4333,
        0.4667,
        0.5,
        0.5333
      ],
      "transform": [
        [
          1.0,
          0.0,
          0.0,
          0.0,
          0.0,
          0.0,
          -1.0,
          0.0,
          0.0,
          1.0,
          0.0,
          0.0,
          0.0,
          0.0,
          0.0,
          1.0
        ],
        [
          1.0,
          0.0,
          0.0,
          0.0,
          0.0,
          0.0,
          -1.0,
          0.0,
          0.0,
          1.0,
          0.0,
          0.0,
          0.0,
          0.0,
          0.0,
          1.0
        ],
        [
          1.0,
          0.0,
          0.0,
          0.0,
          0.0,
          0.0,
          -1.0,
          0.0,
          0.0,
          1.0,
          0.0,
          0.0,
          0.0,
          0.0,
          0.0,
          1.0
        ],
        [
          1.0,
          0.0,
          0.0,
          0.0,
          0.0,
          0.0,
          -1.0,
          0.0,
          0.0,
          1.0,
          0.0,
          0.0,
          0.0,
          0.0,
          0.0,
          1.0
        ],
        [
          1.0,
          0.0,
          0.0,
          0.0,
          0.0,
          0.0,
          -1.0,
          0.0,
          0.0,
          1.0,
          0.0,
          0.0,
          0.0,
          0.0,
          0.0,
          1.0
        ],
        [
          1.0,
          0.0,
          0.0,
          0.0,
          0.0,
          0.0,
          -1.0,
          0.0,
          0.0,
          1.0,
          0.0,
          0.0,
          0.0,
          0.0,
          0.0,
          1.0
        ],
        [
          1.0,
          0.0,
          0.0,
          0.0,
          0.0,
          0.0,
          -1.0,
          0.0,
          0.0,
          1.0,
          0.0,
          0.0,
          0.0,
          0.0,
          0.0,
          1.0
        ],
        [
          1.0,
          0.0,
          0.0,
          0.0,
          0.0,
          0.0,
          -1.0,
          0.0,
          0.0,
          1.0,
          0.0,
          0.0,
          0.0,
          0.0,
          0.0,
          1.0
        ],
        [
          1.0,
          0.0,
          0.0,
          0.0,
          0.0,
          0.0,
          -1.0,
          0.0,
          0.0,
          1.0,
          0.0,
          0.0,
          0.0,
          0.0,
          0.0,
          1.0
        ],
        [
          1.0,
          0.0,
          0.0,
          0.0,
          0.0,
          0.0,
          -1.0,
          0.0,
          0.0,
          1.0,
          0.0,
          0.0,
          0.0,
          0.0,
          0.0,
          1.0
        ],
        [
          1.0,
          0.0,
          0.0,
          0.0,
          0.0,
          0.0,
          -1.0,
          0.0,
          0.0,
          1.0,
          0.0,
          0.0,
          0.0,
          0.0,
          0.0,
          1.0
        ],
        [
          1.0,
          0.0,
          0.0,
          0.0,
          0.0,
          0.0,
          -1.0,
          0.0,
          0.0,
          1.0,
          0.0,
          0.0,
          0.0,
          0.0,
          0.0,
          1.0
        ],
        [
          1.0,
          0.0,
          0.0,
          0.0,
          0.0,
          0.0,
          -1.0,
          0.0,
          0.0,
          1.0,
          0.0,
          0.0,
          0.0,
          0.0,
          0.0,
          1.0
        ],
        [
          1.0,
          0.0,
          0.0,
          0.0,
          0.0,
          0.0,
          -1.0,
          0.0,
          0.0,
          1.0,
          0.0,
          0.0,
          0.0,
          0.0,
          0.0,
          1.0
        ],
        [
          1.0,
          0.0,
          0.0,
          0.0,
          0.0,
          0.0,
          -1.0,
          0.0,
          0.0,
          1.0,
          0.0,
          0.0,
          0.0,
          0.0,
          0.0,
          1.0
        ],
        [
          1.0,
          0.0,
          0.0,
          0.0,
          0.0,
          0.0,
          -1.0,
          0.0,
          0.0,
          1.0,
          0.0,
          0.0,
          0.0,
          0.0,
          0.0,
          1.0
        ],
        [
          1.0,
          0.0,
          0.0,
          0.0,
          0.0,
          0.0,
          -1.0,
          0.0,
          0.0,
          1.0,
          0.0,
          0.0,
          0.0,
          0.0,
          0.0,
          1.0
        ]
      ]
    },
    {
      "name": "Tablet",
      "time": [
        0.0,
        0.0333,
        0.0667,
        0.1,
        0.1333,
        0.1667,
        0.2,
        0.2333,
        0.2667,
        0.3,
        0.3333,
        0.3667,
        0.4,
        0.4333,
        0.4667,
        0.5,
        0.5333
      ],
      "transform": [
        [
          1.0,
          0.0,
          0.0,
          0.0,
          0.0,
          1.0,
          0.0,
          0.4,
          0.0,
          0.0,
          1.0,
          0.0,
          0.0,
          0.0,
          0.0,
          1.0
        ],
        [
          1.0,
          0.0,
          0.0,
          0.0,
          0.0,
          1.0,
          0.0,
          0.4,
          0.0,
          0.0,
          1.0,
          0.0,
          0.0,
          0.0,
          0.0,
          1.0
        ],
        [
          1.0,
          0.0,
          0.0,
          0.0,
          0.0,
          1.0,
          0.0,
          0.4,
          0.0,
          0.0,
          1.0,
          0.0,
          0.0,
          0.0,
          0.0,
          1.0
        ],
        [
          1.0,
          0.0,
          0.0,
          0.0,
          0.0,
          1.0,
          0.0,
          0.4,
          0.0,
          0.0,
          1.0,
          0.0,
          0.0,
          0.0,
          0.0,
          1.0
        ],
        [
          1.0,
          0.0,
          0.0,
          0.0,
          0.0,
          1.0,
          0.0,
          0.4,
          0.0,
          0.0,
          1.0,
          0.0,
          0.0,
          0.0,
          0.0,
          1.0
        ],
        [
          1.0,
          0.0,
          0.0,
          0.0,
          0.0,
          1.0,
          0.0,
          0.4,
          0.0,
          0.0,
          1.0,
          0.0,
          0.0,
          0.0,
          0.0,
          1.0
        ],
        [
          1.0,
          0.0,
          0.0,
          0.0,
          0.0,
          1.0,
          0.0,
          0.4,
          0.0,
          0.0,
          1.0,
          0.0,
          0.0,
          0.0,
          0.0,
          1.0
        ],
        [
          1.0,
          0.0,
          0.0,
          0.0,
          0.0,
          1.0,
          0.0,
          0.4,
          0.0,
          0.0,
          1.0,
          0.0,
          0.0,
          0.0,
          0.0,
          1.0
        ],
        [
          1.0,
          0.0,
          0.0,
          0.0,
          0.0,
          1.0,
          0.0,
          0.4,
          0.0,
          0.0,
          1.0,
          0.0,
          0.0,
          0.0,
          0.0,
          1.0
        ],
        [
          1.0,
          0.0,
          0.0,
          0.0,
          0.0,
          1.0,
          0.0,
          0.4,
          0.0,
          0.0,
          1.0,
          0.0,
          0.0,
          0.0,
          0.0,
          1.0
        ],
        [
          1.0,
          0.0,
          0.0,
          0.0,
          0.0,
          1.0,
          0.0,
          0.4,
          0.0,
          0.0,
          1.0,
          0.0,
          0.0,
          0.0,
          0.0,
          1.0
        ],
        [
          1.0,
          0.0,
          0.0,
          0.0,
          0.0,
          1.0,
          0.0,
          0.4,
          0.0,
          0.0,
          1.0,
          0.0,
          0.0,
          0.0,
          0.0,
          1.0
        ],
        [
          1.0,
          0.0,
          0.0,
          0.0,
          0.0,
          1.0,
          0.0,
          0.4,
          0.0,
          0.0,
          1.0,
          0.0,
          0.0,
          0.0,
          0.0,
          1.0
        ],
        [
          1.0,
          0.0,
          0.0,
          0.0,
          0.0,
          1.0,
          0.0,
          0.4,
          0.0,
          0.0,
          1.0,
          0.0,
          0.0,
          0.0,
          0.0,
          1.0
        ],
        [
          1.0,
          0.0,
          0.0,
          0.0,
          0.0,
          1.0,
          0.0,
          0.4,
          0.0,
          0.0,
          1.0,
          0.0,
          0.0,
          0.0,
          0.0,
          1.0
        ],
        [
          1.0,
          0.0,
          0.0,
          0.0,
          0.0,
          1.0,
          0.0,
          0.4,
          0.0,
          0.0,
          1.0,
          0.0,
          0.0,
          0.0,
          0.0,
          1.0
        ],
        [
          1.0,
          0.0,
          0.0,
          0.0,
          0.0,
          1.0,
          0.0,
          0.4,
          0.0,
          0.0,
          1.0,
          0.0,
          0.0,
          0.0,
          0.0,
          1.0
        ]
      ]
    },
    {
      "name": "Tentacle1_0.L",
      "time": [
        0.0,
        0.0333,
        0.0667,
        0.1,
        0.1333,
        0.1667,
        0.2,
        0.2333,
        0.2667,
        0.3,
        0.3333,
        0.3667,
        0.4,
        0.4333,
        0.4667,
        0.5,
        0.5333
      ],
      "transform": [
        [
          -0.0,
          -0.991616,
          0.129218,
          -0.848016,
          -0.0,
          0.129218,
          0.991616,
          2.615983,
          -1.0,
          -0.0,
          -0.0,
          0.0,
          0.0,
          0.0,
          0.0,
          1.0
        ],
        [
          -0.0,
          -0.834919,
          0.550373,
          -0.848016,
          -0.0,
          0.550373,
          0.834919,
          2.615983,
          -1.0,
          -0.0,
          -0.0,
          0.0,
          0.0,
          0.0,
          0.0,
          1.0
        ],
        [
          -0.0,
          -0.618081,
          0.786115,
          -0.848016,
          -0.0,
          0.786115,
          0.618081,
          2.615983,
          -1.0,
          -0.0,
          -0.0,
          0.0,
          0.0,
          0.0,
          0.0,
          1.0
        ],
        [
          -0.0,
          -0.451129,
          0.892459,
          -0.848016,
          -0.0,
          0.892459,
          0.451129,
          2.615983,
          -1.0,
          -0.0,
          -0.0,
          0.0,
          0.0,
          0.0,
          0.0,
          1.0
        ],
        [
          0.0,
          -0.356916,
          0.934136,
          -0.848016,
          -0.0,
          0.934137,
          0.356916,
          2.615983,
          -1.0,
          -0.0,
          -0.0,
          0.0,
          0.0,
          0.0,
          0.0,
          1.0
        ],
        [
          0.0,
          -0.323792,
          0.946128,
          -0.848016,
          -0.0,
          0.946128,
          0.323792,
          2.615983,
          -1.0,
          -0.0,
          -0.0,
          0.0,
          0.0,
          0.0,
          0.0,
          1.0
        ],
        [
          0.0,
          -0.332692,
          0.943035,
          -0.848016,
          -0.0,
          0.943035,
          0.332692,
          2.615983,
          -1.0,
          -0.0,
          -0.0,
          0.0,
          0.0,
          0.0,
          0.0,
          1.0
        ],
        [
          0.0,
          -0.363678,
          0.931525,
          -0.848016,
          -0.0,
          0.931525,
          0.363678,
          2.615983,
          -1.0,
          -0.0,
          -0.0,
          0.0,
          0.0,
          0.0,
          0.0,
          1.0
        ],
        [
          0.0,
          -0.396742,
          0.91793,
          -0.848016,
          -0.0,
          0.91793,
          0.396742,
          2.615983,
          -1.0,
          -0.0,
          -0.0,
          0.0,
          0.0,
          0.0,
          0.0,
          1.0
        ],
        [
          0.0,
          -0.412108,
          0.911135,
          -0.848016,
          -0.0,
          0.911135,
          0.412108,
          2.615983,
          -1.0,
          -0.0,
          -0.0,
          0.0,
          0.0,
          0.0,
          0.0,
          1.0
        ],
        [
          0.0,
          -1.109525,
          -0.021031,
          -0.848016,
          -0.0,
          -0.02334,
          0.999779,
          2.615983,
          -1.0,
          -0.0,
          -0.0,
          0.0,
          0.0,
          0.0,
          0.0,
          1.0
        ],
        [
          0.0,
          -0.863136,
          -0.67968,
          -0.848016,
          -0.0,
          -0.799795,
          0.733509,
          2.615983,
          -1.0,
          -0.0,
          -0.0,
          0.0,
          0.0,
          0.0,
          0.0,
          1.0
        ],
        [
          0.0,
          -0.603311,
          -0.866902,
          -0.848016,
          -0.0,
          -1.049218,
          0.498478,
          2.615983,
          -1.0,
          0.0,
          -0.0,
          0.0,
          0.0,
          0.0,
          0.0,
          1.0
        ],
        [
          0.0,
          -0.524199,
          -0.902981,
          -0.848016,
          -0.0,
          -1.101614,
          0.42968,
          2.615983,
          -1.0,
          0.0,
          -0.0,
          0.0,
          0.0,
          0.0,
          0.0,
          1.0
        ],
        [
          0.0,
          -0.563492,
          -0.885986,
          -0.848016,
          -0.0,
          -1.076632,
          0.463711,
          2.615983,
          -1.0,
          0.0,
          -0.0,
          0.0,
          0.0,
          0.0,
          0.0,
          1.0
        ],
        [
          0.0,
          -0.643424,
          -0.845612,
          -0.848016,
          -0.0,
          -1.019276,
          0.533798,
          2.615983,
          -1.0,
          0.0,
          -0.0,
          0.0,
          0.0,
          0.0,
          0.0,
          1.0
        ],
        [
          0.0,
          -0.686616,
          -0.820128,
          -0.848016,
          -0.0,
          -0.984154,
          0.57218,
          2.615983,
          -1.0,
          -0.0,
          -0.0,
          0.0,
          0.0,
          0.0,
          0.0,
          1.0
        ]
      ]
    },
    {
      "name": "Tentacle1_1.L",
      "time": [
        0.0,
        0.0333,
        0.0667,
        0.1,
        0.1333,
        0.1667,
        0.2,
        0.2333,
        0.2667,
        0.3,
        0.3333,
        0.3667,
        0.4,
        0.4333,
        0.4667,
        0.5,
        0.5333
      ],
      "transform": [
        [
          0.974532,
          -0.223071,
          0.022965,
          -0.0,
          0.147079,
          0.558502,
          -0.81636,
          1.057274,
          0.16928,
          0.798946,
          0.577087,
          0.0,
          0.0,
          0.0,
          0.0,
          1.0
        ],
        [
          0.974532,
          -0.22424,
          -0.002126,
          -0.0,
          0.147079,
          0.646298,
          -0.748777,
          1.057274,
          0.16928,
          0.729394,
          0.662819,
          -0.0,
          0.0,
          0.0,
          0.0,
          1.0
        ],
        [
          0.974532,
          -0.22339,
          -0.019616,
          0.0,
          0.147079,
          0.70275,
          -0.696068,
          1.057274,
          0.16928,
          0.675455,
          0.717708,
          0.0,
          0.0,
          0.0,
          0.0,
          1.0
        ],
        [
          0.974532,
          -0.222146,
          -0.030644,
          -0.0,
          0.147079,
          0.736327,
          -0.660447,
          1.057274,
          0.16928,
          0.639119,
          0.750247,
          0.0,
          0.0,
          0.0,
          0.0,
          1.0
        ],
        [
          0.974532,
          -0.221255,
          -0.036529,
          0.0,
          0.147079,
          0.753596,
          -0.640672,
          1.057274,
          0.16928,
          0.618983,
          0.766945,
          0.0,
          0.0,
          0.0,
          0.0,
          1.0
        ],
        [
          0.974532,
          -0.220908,
          -0.038572,
          0.0,
          0.147079,
          0.759482,
          -0.633683,
          1.057274,
          0.16928,
          0.611871,
          0.772631,
          -0.0,
          0.0,
          0.0,
          0.0,
          1.0
        ],
        [
          0.974532,
          -0.221003,
          -0.038024,
          -0.0,
          0.147079,
          0.757909,
          -0.635564,
          1.057274,
          0.16928,
          0.613785,
          0.771111,
          0.0,
          0.0,
          0.0,
          0.0,
          1.0
        ],
        [
          0.974532,
          -0.221323,
          -0.036111,
          0.0,
          0.147079,
          0.752384,
          -0.642095,
          1.057274,
          0.16928,
          0.620431,
          0.765774,
          0.0,
          0.0,
          0.0,
          0.0,
          1.0
        ],
        [
          0.974532,
          -0.221649,
          -0.034058,
          0.0,
          0.147079,
          0.746401,
          -0.64904,
          1.057274,
          0.16928,
          0.627501,
          0.759991,
          0.0,
          0.0,
          0.0,
          0.0,
          1.0
        ],
        [
          0.974532,
          -0.221794,
          -0.033099,
          -0.0,
          0.147079,
          0.743586,
          -0.652263,
          1.057274,
          0.16928,
          0.630783,
          0.75727,
          -0.0,
          0.0,
          0.0,
          0.0,
          1.0
        ],
        [
          0.991897,
          -0.12277,
          -0.034937,
          -0.0,
          0.103801,
          0.956745,
          -0.263138,
          1.057274,
          0.068606,
          0.289272,
          0.957682,
          -0.0,
          0.0,
          0.0,
          0.0,
          1.0
        ],
        [
          0.99903,
          -0.039681,
          -0.021101,
          -0.0,
          0.035953,
          0.991953,
          0.057781,
          1.057274,
          0.020377,
          0.005769,
          1.007597,
          0.0,
          0.0,
          0.0,
          0.0,
          1.0
        ],
        [
          0.999992,
          0.002314,
          -0.005639,
          0.0,
          -0.003201,
          0.955725,
          0.284008,
          1.057274,
          0.005618,
          -0.235782,
          0.976229,
          -0.0,
          0.0,
          0.0,
          0.0,
          1.0
        ],
        [
          0.999871,
          0.016047,
          0.001874,
          0.0,
          -0.016401,
          0.917654,
          0.395943,
          1.057274,
          0.004261,
          -0.37737,
          0.926751,
          0.0,
          0.0,
          0.0,
          0.0,
          1.0
        ],
        [
          0.99989,
          0.014866,
          -0.000355,
          -0.0,
          -0.013295,
          0.90872,
          0.417187,
          1.057274,
          0.006552,
          -0.418975,
          0.907981,
          -0.0,
          0.0,
          0.0,
          0.0,
          1.0
        ],
        [
          0.999949,
          0.007482,
          -0.006993,
          -0.0,
          -0.003757,
          0.920753,
          0.389827,
          1.057274,
          0.009387,
          -0.399385,
          0.916923,
          0.0,
          0.0,
          0.0,
          0.0,
          1.0
        ],
        [
          0.999939,
          0.002269,
          -0.010792,
          0.0,
          0.002023,
          0.933484,
          0.358459,
          1.057274,
          0.010871,
          -0.364995,
          0.931031,
          0.0,
          0.0,
          0.0,
          0.0,
          1.0
        ]
      ]
    },
    {
      "name": "Tentacle1_2.L",
      "time": [
        0.0,
        0.0333,
        0.0667,
        0.1,
        0.1333,
        0.1667,
        0.2,
        0.2333,
        0.2667,
        0.3,
        0.3333,
        0.3667,
        0.4,
        0.4333,
        0.4667,
        0.5,
        0.5333
      ],
      "transform": [
        [
          0.990852,
          -0.133574,
          -0.019232,
          0.0,
          0.057806,
          0.548871,
          -0.833906,
          1.413428,
          0.121944,
          0.825166,
          0.551571,
          -0.0,
          0.0,
          0.0,
          0.0,
          1.0
        ],
        [
          0.990852,
          -0.133611,
          -0.018969,
          -0.0,
          0.057806,
          0.54723,
          -0.834984,
          1.413427,
          0.121943,
          0.826249,
          0.549948,
          -0.0,
          0.0,
          0.0,
          0.0,
          1.0
        ],
        [
          0.990852,
          -0.133637,
          -0.018786,
          -0.0,
          0.057806,
          0.546087,
          -0.835732,
          1.413427,
          0.121944,
          0.827001,
          0.548817,
          -0.0,
          0.0,
          0.0,
          0.0,
          1.0
        ],
        [
          0.990852,
          -0.133653,
          -0.01867,
          -0.0,
          0.057806,
          0.545361,
          -0.836206,
          1.413427,
          0.121944,
          0.827477,
          0.548098,
          -0.0,
          0.0,
          0.0,
          0.0,
          1.0
        ],
        [
          0.990852,
          -0.133662,
          -0.018608,
          -0.0,
          0.057806,
          0.544971,
          -0.83646,
          1.413427,
          0.121944,
          0.827733,
          0.547712,
          -0.0,
          0.0,
          0.0,
          0.0,
          1.0
        ],
        [
          0.990852,
          -0.133665,
          -0.018586,
          -0.0,
          0.057806,
          0.544835,
          -0.836549,
          1.413428,
          0.121944,
          0.827822,
          0.547577,
          0.0,
          0.0,
          0.0,
          0.0,
          1.0
        ],
        [
          0.990852,
          -0.133664,
          -0.018592,
          -0.0,
          0.057806,
          0.544871,
          -0.836525,
          1.413428,
          0.121944,
          0.827798,
          0.547613,
          0.0,
          0.0,
          0.0,
          0.0,
          1.0
        ],
        [
          0.990852,
          -0.133661,
          -0.018612,
          0.0,
          0.057806,
          0.544998,
          -0.836442,
          1.413428,
          0.121944,
          0.827715,
          0.547739,
          -0.0,
          0.0,
          0.0,
          0.0,
          1.0
        ],
        [
          0.990852,
          -0.133658,
          -0.018634,
          -0.0,
          0.057806,
          0.545135,
          -0.836353,
          1.413427,
          0.121944,
          0.827625,
          0.547874,
          0.0,
          0.0,
          0.0,
          0.0,
          1.0
        ],
        [
          0.990852,
          -0.133657,
          -0.018644,
          -0.0,
          0.057806,
          0.545198,
          -0.836312,
          1.413427,
          0.121944,
          0.827583,
          0.547937,
          -0.0,
          0.0,
          0.0,
          0.0,
          1.0
        ],
        [
          0.99712,
          -0.072116,
          0.011,
          0.0,
          0.035814,
          0.388323,
          -0.922928,
          1.413427,
          0.064872,
          0.925746,
          0.368557,
          -0.0,
          0.0,
          0.0,
          0.0,
          1.0
        ],
        [
          0.999579,
          -0.02066,
          0.016579,
          0.0,
          0.01825,
          0.305014,
          -0.93863,
          1.413427,
          0.015378,
          0.975393,
          0.276275,
          0.0,
          0.0,
          0.0,
          0.0,
          1.0
        ],
        [
          0.999862,
          0.008379,
          0.016482,
          0.0,
          0.010883,
          0.293487,
          -0.936735,
          1.413427,
          -0.014514,
          0.980472,
          0.277224,
          0.0,
          0.0,
          0.0,
          0.0,
          1.0
        ],
        [
          0.999674,
          0.020772,
          0.016612,
          -0.0,
          0.007608,
          0.332415,
          -0.931138,
          1.413427,
          -0.026443,
          0.957543,
          0.32488,
          0.0,
          0.0,
          0.0,
          0.0,
          1.0
        ],
        [
          0.999593,
          0.02332,
          0.016383,
          -0.0,
          0.006005,
          0.392193,
          -0.918798,
          1.413427,
          -0.027889,
          0.920994,
          0.391103,
          -0.0,
          0.0,
          0.0,
          0.0,
          1.0
        ],
        [
          0.999685,
          0.019698,
          0.015419,
          0.0,
          0.006234,
          0.435067,
          -0.905238,
          1.413427,
          -0.024042,
          0.89291,
          0.439924,
          0.0,
          0.0,
          0.0,
          0.0,
          1.0
        ],
        [
          0.999786,
          0.014596,
          0.014824,
          -0.0,
          0.007683,
          0.434946,
          -0.904318,
          1.413427,
          -0.019398,
          0.894132,
          0.439598,
          -0.0,
          0.0,
          0.0,
          0.0,
          1.0
        ]
      ]
    },
    {
      "name": "Tentacle1_3.L",
      "time": [
        0.0,
        0.0333,
        0.0667,
        0.1,
        0.1333,
        0.1667,
        0.2,
        0.2333,
        0.2667,
        0.3,
        0.3333,
        0.3667,
        0.4,
        0.4333,
        0.4667,
        0.5,
        0.5333
      ],
      "transform": [
        [
          0.999583,
          0.012481,
          -0.026037,
          -0.0,
          -0.028433,
          0.582372,
          -0.812425,
          1.41333,
          0.005023,
          0.812827,
          0.582484,
          0.0,
          0.0,
          0.0,
          0.0,
          1.0
        ],
        [
          0.999583,
          0.012481,
          -0.026037,
          -0.0,
          -0.028433,
          0.582372,
          -0.812425,
          1.41333,
          0.005023,
          0.812827,
          0.582484,
          0.0,
          0.0,
          0.0,
          0.0,
          1.0
        ],
        [
          0.999583,
          0.012481,
          -0.026037,
          -0.0,
          -0.028433,
          0.582372,
          -0.812425,
          1.41333,
          0.005023,
          0.812827,
          0.582484,
          -0.0,
          0.0,
          0.0,
          0.0,
          1.0
        ],
        [
          0.999583,
          0.012481,
          -0.026037,
          0.0,
          -0.028433,
          0.582372,
          -0.812425,
          1.41333,
          0.005023,
          0.812827,
          0.582484,
          -0.0,
          0.0,
          0.0,
          0.0,
          1.0
        ],
        [
          0.999583,
          0.012481,
          -0.026037,
          0.0,
          -0.028433,
          0.582372,
          -0.812425,
          1.41333,
          0.005023,
          0.812827,
          0.582484,
          -0.0,
          0.0,
          0.0,
          0.0,
          1.0
        ],
        [
          0.999583,
          0.012481,
          -0.026037,
          -0.0,
          -0.028433,
          0.582372,
          -0.812425,
          1.41333,
          0.005023,
          0.812827,
          0.582484,
          -0.0,
          0.0,
          0.0,
          0.0,
          1.0
        ],
        [
          0.999583,
          0.012481,
          -0.026037,
          0.0,
          -0.028433,
          0.582372,
          -0.812425,
          1.41333,
          0.005023,
          0.812827,
          0.582484,
          0.0,
          0.0,
          0.0,
          0.0,
          1.0
        ],
        [
          0.999583,
          0.012481,
          -0.026037,
          0.0,
          -0.028433,
          0.582372,
          -0.812425,
          1.41333,
          0.005023,
          0.812827,
          0.582484,
          -0.0,
          0.0,
          0.0,
          0.0,
          1.0
        ],
        [
          0.999583,
          0.012481,
          -0.026037,
          0.0,
          -0.028433,
          0.582372,
          -0.812425,
          1.41333,
          0.005023,
          0.812827,
          0.582484,
          -0.0,
          0.0,
          0.0,
          0.0,
          1.0
        ],
        [
          0.999583,
          0.012481,
          -0.026037,
          -0.0,
          -0.028433,
          0.582372,
          -0.812425,
          1.41333,
          0.005023,
          0.812827,
          0.582484,
          0.0,
          0.0,
          0.0,
          0.0,
          1.0
        ],
        [
          0.992608,
          -0.066197,
          -0.101722,
          -0.0,
          -0.015003,
          0.764789,
          -0.644106,
          1.41333,
          0.120434,
          0.640871,
          0.758142,
          0.0,
          0.0,
          0.0,
          0.0,
          1.0
        ],
        [
          0.982216,
          -0.103894,
          -0.156387,
          -0.0,
          0.007203,
          0.853183,
          -0.521562,
          1.41333,
          0.187614,
          0.511161,
          0.838758,
          -0.0,
          0.0,
          0.0,
          0.0,
          1.0
        ],
        [
          0.975411,
          -0.119232,
          -0.185358,
          -0.0,
          0.022005,
          0.889511,
          -0.456383,
          1.41333,
          0.219293,
          0.441082,
          0.870262,
          0.0,
          0.0,
          0.0,
          0.0,
          1.0
        ],
        [
          0.973272,
          -0.12318,
          -0.193826,
          0.0,
          0.026681,
          0.898917,
          -0.437305,
          1.41333,
          0.228101,
          0.420445,
          0.878178,
          -0.0,
          0.0,
          0.0,
          0.0,
          1.0
        ],
        [
          0.974343,
          -0.121248,
          -0.189619,
          -0.0,
          0.024339,
          0.894311,
          -0.446784,
          1.41333,
          0.22375,
          0.430705,
          0.874316,
          -0.0,
          0.0,
          0.0,
          0.0,
          1.0
        ],
        [
          0.976473,
          -0.117135,
          -0.181053,
          -0.0,
          0.019687,
          0.884525,
          -0.466077,
          1.413331,
          0.21474,
          0.451547,
          0.866021,
          -0.0,
          0.0,
          0.0,
          0.0,
          1.0
        ],
        [
          0.977605,
          -0.114791,
          -0.176387,
          0.0,
          0.01722,
          0.878961,
          -0.476582,
          1.41333,
          0.209745,
          0.462871,
          0.861253,
          -0.0,
          0.0,
          0.0,
          0.0,
          1.0
        ]
      ]
    },
    {
      "name": "Tentacle2_0.L",
      "time": [
        0.0,
        0.0333,
        0.0667,
        0.1,
        0.1333,
        0.1667,
        0.2,
        0.2333,
        0.2667,
        0.3,
        0.3333,
        0.3667,
        0.4,
        0.4333,
        0.4667,
        0.5,
        0.5333
      ],
      "transform": [
        [
          0.416233,
          -0.897783,
          0.144001,
          -0.909962,
          -0.09961,
          0.112395,
          0.988658,
          1.740983,
          -0.903786,
          -0.425856,
          -0.042646,
          0.0,
          0.0,
          0.0,
          0.0,
          1.0
        ],
        [
          0.416233,
          -0.814252,
          0.404653,
          -0.909962,
          -0.09961,
          0.401524,
          0.910416,
          1.740983,
          -0.903786,
          -0.419252,
          0.086019,
          0.0,
          0.0,
          0.0,
          0.0,
          1.0
        ],
        [
          0.416233,
          -0.710793,
          0.56703,
          -0.909962,
          -0.09961,
          0.58422,
          0.80546,
          1.740983,
          -0.903786,
          -0.391741,
          0.172369,
          0.0,
          0.0,
          0.0,
          0.0,
          1.0
        ],
        [
          0.416233,
          -0.629358,
          0.656246,
          -0.909962,
          -0.09961,
          0.685832,
          0.72091,
          1.740983,
          -0.903786,
          -0.365435,
          0.222775,
          0.0,
          0.0,
          0.0,
          0.0,
          1.0
        ],
        [
          0.416233,
          -0.581642,
          0.698887,
          -0.909962,
          -0.09961,
          0.734839,
          0.670887,
          1.740983,
          -0.903786,
          -0.348861,
          0.247927,
          0.0,
          0.0,
          0.0,
          0.0,
          1.0
        ],
        [
          0.416232,
          -0.564476,
          0.712824,
          -0.909962,
          -0.09961,
          0.750935,
          0.65282,
          1.740983,
          -0.903786,
          -0.342729,
          0.256336,
          0.0,
          0.0,
          0.0,
          0.0,
          1.0
        ],
        [
          0.416232,
          -0.56911,
          0.709129,
          -0.909962,
          -0.09961,
          0.746664,
          0.657701,
          1.740983,
          -0.903786,
          -0.344393,
          0.254097,
          0.0,
          0.0,
          0.0,
          0.0,
          1.0
        ],
        [
          0.416232,
          -0.585119,
          0.695978,
          -0.909962,
          -0.09961,
          0.731485,
          0.674543,
          1.740983,
          -0.903786,
          -0.350093,
          0.246184,
          0.0,
          0.0,
          0.0,
          0.0,
          1.0
        ],
        [
          0.416233,
          -0.602002,
          0.681428,
          -0.909962,
          -0.09961,
          0.714732,
          0.692268,
          1.740983,
          -0.903786,
          -0.356022,
          0.237529,
          0.0,
          0.0,
          0.0,
          0.0,
          1.0
        ],
        [
          0.416233,
          -0.609781,
          0.674476,
          -0.909962,
          -0.09961,
          0.706742,
          0.700424,
          1.740983,
          -0.903786,
          -0.358724,
          0.233429,
          0.0,
          0.0,
          0.0,
          0.0,
          1.0
        ],
        [
          0.45175,
          -0.927441,
          -0.312281,
          -0.909962,
          0.274596,
          -0.225053,
          0.939932,
          1.740983,
          -0.848834,
          -0.566388,
          0.13787,
          0.0,
          0.0,
          0.0,
          0.0,
          1.0
        ],
        [
          0.28275,
          -0.566611,
          -0.829575,
          -0.909962,
          0.449917,
          -0.820464,
          0.558055,
          1.740983,
          -0.847129,
          -0.624874,
          0.019496,
          0.0,
          0.0,
          0.0,
          0.0,
          1.0
        ],
        [
          0.183044,
          -0.2992,
          -0.951516,
          -0.909962,
          0.484591,
          -0.991762,
          0.306115,
          1.740983,
          -0.855375,
          -0.625883,
          -0.030196,
          0.0,
          0.0,
          0.0,
          0.0,
          1.0
        ],
        [
          0.155738,
          -0.220969,
          -0.97105,
          -0.909962,
          0.488886,
          -1.024864,
          0.235103,
          1.740983,
          -0.858334,
          -0.62383,
          -0.042281,
          0.0,
          0.0,
          0.0,
          0.0,
          1.0
        ],
        [
          0.169165,
          -0.259706,
          -0.962137,
          -0.909962,
          0.487033,
          -1.009281,
          0.270123,
          1.740983,
          -0.856844,
          -0.624952,
          -0.036414,
          0.0,
          0.0,
          0.0,
          0.0,
          1.0
        ],
        [
          0.197325,
          -0.339269,
          -0.939064,
          -0.909962,
          0.481505,
          -0.972212,
          0.34293,
          1.740983,
          -0.853941,
          -0.626591,
          -0.023629,
          0.0,
          0.0,
          0.0,
          0.0,
          1.0
        ],
        [
          0.213075,
          -0.382784,
          -0.923497,
          -0.909962,
          0.477415,
          -0.948823,
          0.383264,
          1.740983,
          -0.852452,
          -0.627066,
          -0.016186,
          0.0,
          0.0,
          0.0,
          0.0,
          1.0
        ]
      ]
    },
    {
      "name": "Tentacle2_1.L",
      "time": [
        0.0,
        0.0333,
        0.0667,
        0.1,
        0.1333,
        0.1667,
        0.2,
        0.2333,
        0.2667,
        0.3,
        0.3333,
        0.3667,
        0.4,
        0.4333,
        0.4667,
        0.5,
        0.5333
      ],
      "transform": [
        [
          0.898326,
          0.291017,
          0.32912,
          -0.0,
          0.021071,
          0.719739,
          -0.693925,
          0.995597,
          -0.438824,
          0.630306,
          0.640428,
          -0.0,
          0.0,
          0.0,
          0.0,
          1.0
        ],
        [
          0.898326,
          0.333422,
          0.286078,
          -0.0,
          0.021071,
          0.617721,
          -0.786115,
          0.995597,
          -0.438824,
          0.712215,
          0.547889,
          -0.0,
          0.0,
          0.0,
          0.0,
          1.0
        ],
        [
          0.898326,
          0.359303,
          0.252809,
          0.0,
          0.021071,
          0.539543,
          -0.841694,
          0.995597,
          -0.438825,
          0.761443,
          0.477114,
          -0.0,
          0.0,
          0.0,
          0.0,
          1.0
        ],
        [
          0.898326,
          0.373993,
          0.230521,
          -0.0,
          0.021071,
          0.48743,
          -0.872908,
          0.995597,
          -0.438824,
          0.789013,
          0.42999,
          0.0,
          0.0,
          0.0,
          0.0,
          1.0
        ],
        [
          0.898326,
          0.381298,
          0.218226,
          0.0,
          0.021071,
          0.458759,
          -0.888311,
          0.995597,
          -0.438824,
          0.802591,
          0.404081,
          0.0,
          0.0,
          0.0,
          0.0,
          1.0
        ],
        [
          0.898326,
          0.383745,
          0.213894,
          0.0,
          0.021071,
          0.44867,
          -0.893449,
          0.995597,
          -0.438824,
          0.807115,
          0.394966,
          -0.0,
          0.0,
          0.0,
          0.0,
          1.0
        ],
        [
          0.898326,
          0.383093,
