{
  "animation": [
    {
      "name": "Root",
      "time": [
        0.0,
        0.0333,
        0.0667,
        0.1,
        0.1333,
        0.1667,
        0.2,
        0.2333,
        0.2667,
        0.3,
        0.3333,
        0.3667,
        0.4,
        0.4333,
        0.4667,
        0.5,
        0.5333,
        0.5667,
        0.6,
        0.6333,
        0.6667,
        0.7,
        0.7333,
        0.7667,
        0.8,
        0.8333,
        0.8667,
        0.9
      ],
      "transform": [
        [
          1.0,
          0.0,
          0.0,
          0.0,
          0.0,
          0.0,
          -1.0,
          0.0,
          0.0,
          1.0,
          0.0,
          0.0,
          0.0,
          0.0,
          0.0,
          1.0
        ],
        [
          1.0,
          0.0,
          0.0,
          0.0,
          0.0,
          0.0,
          -1.0,
          0.0,
          0.0,
          1.0,
          0.0,
          0.0,
          0.0,
          0.0,
          0.0,
          1.0
        ],
        [
          1.0,
          0.0,
          0.0,
          0.0,
          0.0,
          0.0,
          -1.0,
          0.0,
          0.0,
          1.0,
          0.0,
          0.0,
          0.0,
          0.0,
          0.0,
          1.0
        ],
        [
          1.0,
          0.0,
          0.0,
          0.0,
          0.0,
          0.0,
          -1.0,
          0.0,
          0.0,
          1.0,
          0.0,
          0.0,
          0.0,
          0.0,
          0.0,
          1.0
        ],
        [
          1.0,
          0.0,
          0.0,
          0.0,
          0.0,
          0.0,
          -1.0,
          0.0,
          0.0,
          1.0,
          0.0,
          0.0,
          0.0,
          0.0,
          0.0,
          1.0
        ],
        [
          1.0,
          0.0,
          0.0,
          0.0,
          0.0,
          0.0,
          -1.0,
          0.0,
          0.0,
          1.0,
          0.0,
          0.0,
          0.0,
          0.0,
          0.0,
          1.0
        ],
        [
          1.0,
          0.0,
          0.0,
          0.0,
          0.0,
          0.0,
          -1.0,
          0.0,
          0.0,
          1.0,
          0.0,
          0.0,
          0.0,
          0.0,
          0.0,
          1.0
        ],
        [
          1.0,
          0.0,
          0.0,
          0.0,
          0.0,
          0.0,
          -1.0,
          0.0,
          0.0,
          1.0,
          0.0,
          0.0,
          0.0,
          0.0,
          0.0,
          1.0
        ],
        [
          1.0,
          0.0,
          0.0,
          0.0,
          0.0,
          0.0,
          -1.0,
          0.0,
          0.0,
          1.0,
          0.0,
          0.0,
          0.0,
          0.0,
          0.0,
          1.0
        ],
        [
          1.0,
          0.0,
          0.0,
          0.0,
          0.0,
          0.0,
          -1.0,
          0.0,
          0.0,
          1.0,
          0.0,
          0.0,
          0.0,
          0.0,
          0.0,
          1.0
        ],
        [
          1.0,
          0.0,
          0.0,
          0.0,
          0.0,
          0.0,
          -1.0,
          0.0,
          0.0,
          1.0,
          0.0,
          0.0,
          0.0,
          0.0,
          0.0,
          1.0
        ],
        [
          1.0,
          0.0,
          0.0,
          0.0,
          0.0,
          0.0,
          -1.0,
          0.0,
          0.0,
          1.0,
          0.0,
          0.0,
          0.0,
          0.0,
          0.0,
          1.0
        ],
        [
          1.0,
          0.0,
          0.0,
          0.0,
          0.0,
          0.0,
          -1.0,
          0.0,
          0.0,
          1.0,
          0.0,
          0.0,
          0.0,
          0.0,
          0.0,
          1.0
        ],
        [
          1.0,
          0.0,
          0.0,
          0.0,
          0.0,
          0.0,
          -1.0,
          0.0,
          0.0,
          1.0,
          0.0,
          0.0,
          0.0,
          0.0,
          0.0,
          1.0
        ],
        [
          1.0,
          0.0,
          0.0,
          0.0,
          0.0,
          0.0,
          -1.0,
          0.0,
          0.0,
          1.0,
          0.0,
          0.0,
          0.0,
          0.0,
          0.0,
          1.0
        ],
        [
          1.0,
          0.0,
          0.0,
          0.0,
          0.0,
          0.0,
          -1.0,
          0.0,
          0.0,
          1.0,
          0.0,
          0.0,
          0.0,
          0.0,
          0.0,
          1.0
        ],
        [
          1.0,
          0.0,
          0.0,
          0.0,
          0.0,
          0.0,
          -1.0,
          0.0,
          0.0,
          1.0,
          0.0,
          0.0,
          0.0,
          0.0,
          0.0,
          1.0
        ],
        [
          1.0,
          0.0,
          0.0,
          0.0,
          0.0,
          0.0,
          -1.0,
          0.0,
          0.0,
          1.0,
          0.0,
          0.0,
          0.0,
          0.0,
          0.0,
          1.0
        ],
        [
          1.0,
          0.0,
          0.0,
          0.0,
          0.0,
          0.0,
          -1.0,
          0.0,
          0.0,
          1.0,
          0.0,
          0.0,
          0.0,
          0.0,
          0.0,
          1.0
        ],
        [
          1.0,
          0.0,
          0.0,
          0.0,
          0.0,
          0.0,
          -1.0,
          0.0,
          0.0,
          1.0,
          0.0,
          0.0,
          0.0,
          0.0,
          0.0,
          1.0
        ],
        [
          1.0,
          0.0,
          0.0,
          0.0,
          0.0,
          0.0,
          -1.0,
          0.0,
          0.0,
          1.0,
          0.0,
          0.0,
          0.0,
          0.0,
          0.0,
          1.0
        ],
        [
          1.0,
          0.0,
          0.0,
          0.0,
          0.0,
          0.0,
          -1.0,
          0.0,
          0.0,
          1.0,
          0.0,
          0.0,
          0.0,
          0.0,
          0.0,
          1.0
        ],
        [
          1.0,
          0.0,
          0.0,
          0.0,
          0.0,
          0.0,
          -1.0,
          0.0,
          0.0,
          1.0,
          0.0,
          0.0,
          0.0,
          0.0,
          0.0,
          1.0
        ],
        [
          1.0,
          0.0,
          0.0,
          0.0,
          0.0,
          0.0,
          -1.0,
          0.0,
          0.0,
          1.0,
          0.0,
          0.0,
          0.0,
          0.0,
          0.0,
          1.0
        ],
        [
          1.0,
          0.0,
          0.0,
          0.0,
          0.0,
          0.0,
          -1.0,
          0.0,
          0.0,
          1.0,
          0.0,
          0.0,
          0.0,
          0.0,
          0.0,
          1.0
        ],
        [
          1.0,
          0.0,
          0.0,
          0.0,
          0.0,
          0.0,
          -1.0,
          0.0,
          0.0,
          1.0,
          0.0,
          0.0,
          0.0,
          0.0,
          0.0,
          1.0
        ],
        [
          1.0,
          0.0,
          0.0,
          0.0,
          0.0,
          0.0,
          -1.0,
          0.0,
          0.0,
          1.0,
          0.0,
          0.0,
          0.0,
          0.0,
          0.0,
          1.0
        ],
        [
          1.0,
          0.0,
          0.0,
          0.0,
          0.0,
          0.0,
          -1.0,
          0.0,
          0.0,
          1.0,
          0.0,
          0.0,
          0.0,
          0.0,
          0.0,
          1.0
        ]
      ]
    },
    {
      "name": "Tablet",
      "time": [
        0.0,
        0.0333,
        0.0667,
        0.1,
        0.1333,
        0.1667,
        0.2,
        0.2333,
        0.2667,
        0.3,
        0.3333,
        0.3667,
        0.4,
        0.4333,
        0.4667,
        0.5,
        0.5333,
        0.5667,
        0.6,
        0.6333,
        0.6667,
        0.7,
        0.7333,
        0.7667,
        0.8,
        0.8333,
        0.8667,
        0.9
      ],
      "transform": [
        [
          1.0,
          0.0,
          0.0,
          0.0,
          0.0,
          1.0,
          0.0,
          0.4,
          0.0,
          0.0,
          1.0,
          0.0,
          0.0,
          0.0,
          0.0,
          1.0
        ],
        [
          1.0,
          0.0,
          0.0,
          0.0,
          0.0,
          1.0,
          0.0,
          0.4,
          0.0,
          0.0,
          1.0,
          0.0,
          0.0,
          0.0,
          0.0,
          1.0
        ],
        [
          1.0,
          0.0,
          0.0,
          0.0,
          0.0,
          1.0,
          0.0,
          0.4,
          0.0,
          0.0,
          1.0,
          0.0,
          0.0,
          0.0,
          0.0,
          1.0
        ],
        [
          1.0,
          0.0,
          0.0,
          0.0,
          0.0,
          1.0,
          0.0,
          0.4,
          0.0,
          0.0,
          1.0,
          0.0,
          0.0,
          0.0,
          0.0,
          1.0
        ],
        [
          1.0,
          0.0,
          0.0,
          0.0,
          0.0,
          1.0,
          0.0,
          0.4,
          0.0,
          0.0,
          1.0,
          0.0,
          0.0,
          0.0,
          0.0,
          1.0
        ],
        [
          1.0,
          0.0,
          0.0,
          0.0,
          0.0,
          1.0,
          0.0,
          0.4,
          0.0,
          0.0,
          1.0,
          0.0,
          0.0,
          0.0,
          0.0,
          1.0
        ],
        [
          1.0,
          0.0,
          0.0,
          0.0,
          0.0,
          1.0,
          0.0,
          0.4,
          0.0,
          0.0,
          1.0,
          0.0,
          0.0,
          0.0,
          0.0,
          1.0
        ],
        [
          1.0,
          0.0,
          0.0,
          0.0,
          0.0,
          1.0,
          0.0,
          0.4,
          0.0,
          0.0,
          1.0,
          0.0,
          0.0,
          0.0,
          0.0,
          1.0
        ],
        [
          1.0,
          0.0,
          0.0,
          0.0,
          0.0,
          1.0,
          0.0,
          0.4,
          0.0,
          0.0,
          1.0,
          0.0,
          0.0,
          0.0,
          0.0,
          1.0
        ],
        [
          1.0,
          0.0,
          0.0,
          0.0,
          0.0,
          1.0,
          0.0,
          0.4,
          0.0,
          0.0,
          1.0,
          0.0,
          0.0,
          0.0,
          0.0,
          1.0
        ],
        [
          1.0,
          0.0,
          0.0,
          0.0,
          0.0,
          1.0,
          0.0,
          0.4,
          0.0,
          0.0,
          1.0,
          0.0,
          0.0,
          0.0,
          0.0,
          1.0
        ],
        [
          1.0,
          0.0,
          0.0,
          0.0,
          0.0,
          1.0,
          0.0,
          0.4,
          0.0,
          0.0,
          1.0,
          0.0,
          0.0,
          0.0,
          0.0,
          1.0
        ],
        [
          1.0,
          0.0,
          0.0,
          0.0,
          0.0,
          1.0,
          0.0,
          0.4,
          0.0,
          0.0,
          1.0,
          0.0,
          0.0,
          0.0,
          0.0,
          1.0
        ],
        [
          1.0,
          0.0,
          0.0,
          0.0,
          0.0,
          1.0,
          0.0,
          0.4,
          0.0,
          0.0,
          1.0,
          0.0,
          0.0,
          0.0,
          0.0,
          1.0
        ],
        [
          1.0,
          0.0,
          0.0,
          0.0,
          0.0,
          1.0,
          0.0,
          0.4,
          0.0,
          0.0,
          1.0,
          0.0,
          0.0,
          0.0,
          0.0,
          1.0
        ],
        [
          1.0,
          0.0,
          0.0,
          0.0,
          0.0,
          1.0,
          0.0,
          0.4,
          0.0,
          0.0,
          1.0,
          0.0,
          0.0,
          0.0,
          0.0,
          1.0
        ],
        [
          1.0,
          0.0,
          0.0,
          0.0,
          0.0,
          1.0,
          0.0,
          0.4,
          0.0,
          0.0,
          1.0,
          0.0,
          0.0,
          0.0,
          0.0,
          1.0
        ],
        [
          1.0,
          0.0,
          0.0,
          0.0,
          0.0,
          1.0,
          0.0,
          0.4,
          0.0,
          0.0,
          1.0,
          0.0,
          0.0,
          0.0,
          0.0,
          1.0
        ],
        [
          1.0,
          0.0,
          0.0,
          0.0,
          0.0,
          1.0,
          0.0,
          0.4,
          0.0,
          0.0,
          1.0,
          0.0,
          0.0,
          0.0,
          0.0,
          1.0
        ],
        [
          1.0,
          0.0,
          0.0,
          0.0,
          0.0,
          1.0,
          0.0,
          0.4,
          0.0,
          0.0,
          1.0,
          0.0,
          0.0,
          0.0,
          0.0,
          1.0
        ],
        [
          1.0,
          0.0,
          0.0,
          0.0,
          0.0,
          1.0,
          0.0,
          0.4,
          0.0,
          0.0,
          1.0,
          0.0,
          0.0,
          0.0,
          0.0,
          1.0
        ],
        [
          1.0,
          0.0,
          0.0,
          0.0,
          0.0,
          1.0,
          0.0,
          0.4,
          0.0,
          0.0,
          1.0,
          0.0,
          0.0,
          0.0,
          0.0,
          1.0
        ],
        [
          1.0,
          0.0,
          0.0,
          0.0,
          0.0,
          1.0,
          0.0,
          0.4,
          0.0,
          0.0,
          1.0,
          0.0,
          0.0,
          0.0,
          0.0,
          1.0
        ],
        [
          1.0,
          0.0,
          0.0,
          0.0,
          0.0,
          1.0,
          0.0,
          0.4,
          0.0,
          0.0,
          1.0,
          0.0,
          0.0,
          0.0,
          0.0,
          1.0
        ],
        [
          1.0,
          0.0,
          0.0,
          0.0,
          0.0,
          1.0,
          0.0,
          0.4,
          0.0,
          0.0,
          1.0,
          0.0,
          0.0,
          0.0,
          0.0,
          1.0
        ],
        [
          1.0,
          0.0,
          0.0,
          0.0,
          0.0,
          1.0,
          0.0,
          0.4,
          0.0,
          0.0,
          1.0,
          0.0,
          0.0,
          0.0,
          0.0,
          1.0
        ],
        [
          1.0,
          0.0,
          0.0,
          0.0,
          0.0,
          1.0,
          0.0,
          0.4,
          0.0,
          0.0,
          1.0,
          0.0,
          0.0,
          0.0,
          0.0,
          1.0
        ],
        [
          1.0,
          0.0,
          0.0,
          0.0,
          0.0,
          1.0,
          0.0,
          0.4,
          0.0,
          0.0,
          1.0,
          0.0,
          0.0,
          0.0,
          0.0,
          1.0
        ]
      ]
    },
    {
      "name": "Tentacle1_0.L",
      "time": [
        0.0,
        0.0333,
        0.0667,
        0.1,
        0.1333,
        0.1667,
        0.2,
        0.2333,
        0.2667,
        0.3,
        0.3333,
        0.3667,
        0.4,
        0.4333,
        0.4667,
        0.5,
        0.5333,
        0.5667,
        0.6,
        0.6333,
        0.6667,
        0.7,
        0.7333,
        0.7667,
        0.8,
        0.8333,
        0.8667,
        0.9
      ],
      "transform": [
        [
          0.0,
          -0.412108,
          0.911135,
          -0.848016,
          -0.0,
          0.911135,
          0.412108,
          2.615983,
          -1.0,
          -0.0,
          -0.0,
          0.0,
          0.0,
          0.0,
          0.0,
          1.0
        ],
        [
          0.0,
          -0.470492,
          0.884106,
          -0.848016,
          -0.0,
          0.89017,
          0.467287,
          2.615983,
          -1.0,
          -0.0,
          -0.0,
          0.0,
          0.0,
          0.0,
          0.0,
          1.0
        ],
        [
          0.0,
          -0.6303,
          0.788696,
          -0.848016,
          -0.0,
          0.808603,
          0.614783,
          2.615983,
          -1.0,
          -0.0,
          -0.0,
          0.0,
          0.0,
          0.0,
          0.0,
          1.0
        ],
        [
          0.0,
          -0.852006,
          0.586422,
          -0.848016,
          -0.0,
          0.616829,
          0.810006,
          2.615983,
          -1.0,
          -0.0,
          -0.0,
          0.0,
          0.0,
          0.0,
          0.0,
          1.0
        ],
        [
          0.0,
          -1.047193,
          0.25637,
          -0.848016,
          -0.0,
          0.277751,
          0.966579,
          2.615983,
          -1.0,
          -0.0,
          -0.0,
          0.0,
          0.0,
          0.0,
          0.0,
          1.0
        ],
        [
          0.0,
          -1.105193,
          -0.14256,
          -0.848016,
          -0.0,
          -0.159182,
          0.989786,
          2.615983,
          -1.0,
          0.0,
          -0.0,
          0.0,
          0.0,
          0.0,
          0.0,
          1.0
        ],
        [
          0.0,
          -1.000932,
          -0.489898,
          -0.848016,
          -0.0,
          -0.562476,
          0.87178,
          2.615983,
          -1.0,
          0.0,
          -0.0,
          0.0,
          0.0,
          0.0,
          0.0,
          1.0
        ],
        [
          0.0,
          -0.822213,
          -0.714242,
          -0.848016,
          -0.0,
          -0.839063,
          0.699899,
          2.615983,
          -1.0,
          0.0,
          -0.0,
          0.0,
          0.0,
          0.0,
          0.0,
          1.0
        ],
        [
          0.0,
          -0.673182,
          -0.825631,
          -0.848016,
          -0.0,
          -0.985095,
          0.56421,
          2.615983,
          -1.0,
          0.0,
          -0.0,
          0.0,
          0.0,
          0.0,
          0.0,
          1.0
        ],
        [
          0.0,
          -0.617597,
          -0.857392,
          -0.848016,
          -0.0,
          -1.02887,
          0.514665,
          2.615983,
          -1.0,
          -0.0,
          -0.0,
          0.0,
          0.0,
          0.0,
          0.0,
          1.0
        ],
        [
          0.0,
          -0.622775,
          -0.854787,
          -0.848016,
          -0.0,
          -1.025744,
          0.518979,
          2.615983,
          -1.0,
          -0.0,
          -0.0,
          0.0,
          0.0,
          0.0,
          0.0,
          1.0
        ],
        [
          0.0,
          -0.630243,
          -0.850977,
          -0.848016,
          -0.0,
          -1.021173,
          0.525203,
          2.615983,
          -1.0,
          -0.0,
          -0.0,
          0.0,
          0.0,
          0.0,
          0.0,
          1.0
        ],
        [
          0.0,
          -0.640088,
          -0.845859,
          -0.848016,
          -0.0,
          -1.015031,
          0.533407,
          2.615983,
          -1.0,
          -0.0,
          -0.0,
          0.0,
          0.0,
          0.0,
          0.0,
          1.0
        ],
        [
          0.0,
          -0.652388,
          -0.839307,
          -0.848016,
          -0.0,
          -1.007169,
          0.543657,
          2.615983,
          -1.0,
          -0.0,
          -0.0,
          0.0,
          0.0,
          0.0,
          0.0,
          1.0
        ],
        [
          0.0,
          -0.667214,
          -0.831175,
          -0.848016,
          -0.0,
          -0.99741,
          0.556011,
          2.615983,
          -1.0,
          -0.0,
          -0.0,
          0.0,
          0.0,
          0.0,
          0.0,
          1.0
        ],
        [
          0.0,
          -0.684616,
          -0.821288,
          -0.848016,
          -0.0,
          -0.985546,
          0.570514,
          2.615983,
          -1.0,
          -0.0,
          -0.0,
          0.0,
          0.0,
          0.0,
          0.0,
          1.0
        ],
        [
          0.0,
          -0.704625,
          -0.809451,
          -0.848016,
          -0.0,
          -0.971341,
          0.587188,
          2.615983,
          -1.0,
          -0.0,
          -0.0,
          0.0,
          0.0,
          0.0,
          0.0,
          1.0
        ],
        [
          0.0,
          -0.727238,
          -0.795441,
          -0.848016,
          -0.0,
          -0.954529,
          0.606032,
          2.615983,
          -1.0,
          -0.0,
          -0.0,
          0.0,
          0.0,
          0.0,
          0.0,
          1.0
        ],
        [
          0.0,
          -0.752409,
          -0.779013,
          -0.848016,
          -0.0,
          -0.934816,
          0.627008,
          2.615983,
          -1.0,
          -0.0,
          -0.0,
          0.0,
          0.0,
          0.0,
          0.0,
          1.0
        ],
        [
          0.0,
          -0.779815,
          -0.760066,
          -0.848016,
          -0.0,
          -0.912079,
          0.649846,
          2.615983,
          -1.0,
          -0.0,
          -0.0,
          0.0,
          0.0,
          0.0,
          0.0,
          1.0
        ],
        [
          0.0,
          -0.808205,
          -0.739183,
          -0.848016,
          -0.0,
          -0.88702,
          0.673504,
          2.615983,
          -1.0,
          -0.0,
          -0.0,
          0.0,
          0.0,
          0.0,
          0.0,
          1.0
        ],
        [
          0.0,
          -0.836188,
          -0.717243,
          -0.848016,
          -0.0,
          -0.860691,
          0.696824,
          2.615983,
          -1.0,
          -0.0,
          -0.0,
          0.0,
          0.0,
          0.0,
          0.0,
          1.0
        ],
        [
          0.0,
          -0.862502,
          -0.695267,
          -0.848016,
          -0.0,
          -0.83432,
          0.718752,
          2.615983,
          -1.0,
          -0.0,
          -0.0,
          0.0,
          0.0,
          0.0,
          0.0,
          1.0
        ],
        [
          0.0,
          -0.886031,
          -0.674408,
          -0.848016,
          -0.0,
          -0.809289,
          0.738359,
          2.615983,
          -1.0,
          -0.0,
          -0.0,
          0.0,
          0.0,
          0.0,
          0.0,
          1.0
        ],
        [
          0.0,
          -0.9058,
          -0.655917,
          -0.848016,
          -0.0,
          -0.7871,
          0.754833,
          2.615983,
          -1.0,
          -0.0,
          -0.0,
          0.0,
          0.0,
          0.0,
          0.0,
          1.0
        ],
        [
          0.0,
          -0.920945,
          -0.641104,
          -0.848016,
          -0.0,
          -0.769325,
          0.767454,
          2.615983,
          -1.0,
          -0.0,
          -0.0,
          0.0,
          0.0,
          0.0,
          0.0,
          1.0
        ],
        [
          0.0,
          -0.930658,
          -0.631288,
          -0.848016,
          -0.0,
          -0.757546,
          0.775549,
          2.615983,
          -1.0,
          -0.0,
          -0.0,
          0.0,
          0.0,
          0.0,
          0.0,
          1.0
        ],
        [
          0.0,
          -0.934101,
          -0.627747,
          -0.848016,
          -0.0,
          -0.753296,
          0.778418,
          2.615983,
          -1.0,
          -0.0,
          -0.0,
          0.0,
          0.0,
          0.0,
          0.0,
          1.0
        ]
      ]
    },
    {
      "name": "Tentacle1_1.L",
      "time": [
        0.0,
        0.0333,
        0.0667,
        0.1,
        0.1333,
        0.1667,
        0.2,
        0.2333,
        0.2667,
        0.3,
        0.3333,
        0.3667,
        0.4,
        0.4333,
        0.4667,
        0.5,
        0.5333,
        0.5667,
        0.6,
        0.6333,
        0.6667,
        0.7,
        0.7333,
        0.7667,
        0.8,
        0.8333,
        0.8667,
        0.9
      ],
      "transform": [
        [
          0.997964,
          -0.005139,
          -0.063566,
          -0.0,
          0.023691,
          0.955292,
          0.294712,
          1.057274,
          0.05921,
          -0.295618,
          0.95347,
          -0.0,
          0.0,
          0.0,
          0.0,
          1.0
        ],
        [
          0.997991,
          -0.005265,
          -0.063133,
          -0.0,
          0.021351,
          0.966191,
          0.256942,
          1.057274,
          0.059645,
          -0.257773,
          0.964363,
          0.0,
          0.0,
          0.0,
          0.0,
          1.0
        ],
        [
          0.998087,
          -0.005547,
          -0.061568,
          -0.0,
          0.015367,
          0.986966,
          0.160192,
          1.057274,
          0.059877,
          -0.160832,
          0.985164,
          0.0,
          0.0,
          0.0,
          0.0,
          1.0
        ],
        [
          0.998272,
          -0.0057,
          -0.05849,
          0.0,
          0.007541,
          0.999481,
          0.031305,
          1.057274,
          0.058281,
          -0.031692,
          0.997797,
          0.0,
          0.0,
          0.0,
          0.0,
          1.0
        ],
        [
          0.998548,
          -0.005373,
          -0.0536,
          0.0,
          8.7e-05,
          0.995172,
          -0.098144,
          1.057274,
          0.053868,
          0.097997,
          0.993728,
          -0.0,
          0.0,
          0.0,
          0.0,
          1.0
        ],
        [
          0.998902,
          -0.004393,
          -0.046652,
          0.0,
          -0.004846,
          0.980574,
          -0.196088,
          1.057274,
          0.046607,
          0.196099,
          0.979476,
          -0.0,
          0.0,
          0.0,
          0.0,
          1.0
        ],
        [
          0.9993,
          -0.003058,
          -0.037276,
          0.0,
          -0.005774,
          0.972088,
          -0.234546,
          1.057274,
          0.036953,
          0.234598,
          0.97139,
          0.0,
          0.0,
          0.0,
          0.0,
          1.0
        ],
        [
          0.999666,
          -0.000849,
          -0.025836,
          0.0,
          -0.00218,
          0.993131,
          -0.116989,
          1.057274,
          0.025758,
          0.117006,
          0.992797,
          -0.0,
          0.0,
          0.0,
          0.0,
          1.0
        ],
        [
          0.99988,
          0.000239,
          -0.015502,
          -0.0,
          0.001405,
          0.994367,
          0.105978,
          1.057274,
          0.01544,
          -0.105987,
          0.994248,
          0.0,
          0.0,
          0.0,
          0.0,
          1.0
        ],
        [
          0.999939,
          0.0,
          -0.011055,
          0.0,
          0.002474,
          0.97464,
          0.223765,
          1.057274,
          0.010775,
          -0.223779,
          0.97458,
          0.0,
          0.0,
          0.0,
          0.0,
          1.0
        ],
        [
          0.999939,
          0.0,
          -0.011055,
          -0.0,
          0.002474,
          0.97464,
          0.223765,
          1.057274,
          0.010775,
          -0.223779,
          0.97458,
          -0.0,
          0.0,
          0.0,
          0.0,
          1.0
        ],
        [
          0.999939,
          0.0,
          -0.011055,
          0.0,
          0.002474,
          0.97464,
          0.223765,
          1.057274,
          0.010775,
          -0.223779,
          0.97458,
          0.0,
          0.0,
          0.0,
          0.0,
          1.0
        ],
        [
          0.999939,
          0.0,
          -0.011055,
          -0.0,
          0.002474,
          0.97464,
          0.223765,
          1.057274,
          0.010775,
          -0.223779,
          0.97458,
          -0.0,
          0.0,
          0.0,
          0.0,
          1.0
        ],
        [
          0.999939,
          0.0,
          -0.011055,
          -0.0,
          0.002474,
          0.97464,
          0.223765,
          1.057274,
          0.010775,
          -0.223779,
          0.97458,
          0.0,
          0.0,
          0.0,
          0.0,
          1.0
        ],
        [
          0.999939,
          0.0,
          -0.011055,
          -0.0,
          0.002474,
          0.97464,
          0.223765,
          1.057274,
          0.010775,
          -0.223779,
          0.97458,
          0.0,
          0.0,
          0.0,
          0.0,
          1.0
        ],
        [
          0.99994,
          -0.0,
          -0.011055,
          0.0,
          0.002487,
          0.974373,
          0.224926,
          1.057274,
          0.01077,
          -0.22545,
          0.974196,
          0.0,
          0.0,
          0.0,
          0.0,
          1.0
        ],
        [
          0.99994,
          0.0,
          -0.011055,
          0.0,
          0.002524,
          0.973592,
          0.228262,
          1.057274,
          0.010758,
          -0.230256,
          0.973078,
          0.0,
          0.0,
          0.0,
          0.0,
          1.0
        ],
        [
          0.999939,
          0.0,
          -0.011055,
          -0.0,
          0.002579,
          0.972388,
          0.233264,
          1.057274,
          0.010739,
          -0.237465,
          0.971368,
          0.0,
          0.0,
          0.0,
          0.0,
          1.0
        ],
        [
          0.99994,
          0.0,
          -0.011055,
          -0.0,
          0.002629,
          0.971254,
          0.237838,
          1.057274,
          0.010721,
          -0.244059,
          0.96977,
          -0.0,
          0.0,
          0.0,
          0.0,
          1.0
        ],
        [
          0.99994,
          -0.0,
          -0.011055,
          0.0,
          0.002659,
          0.970587,
          0.24047,
          1.057274,
          0.010711,
          -0.247855,
          0.968834,
          -0.0,
          0.0,
          0.0,
          0.0,
          1.0
        ],
        [
          0.999939,
          0.0,
          -0.011055,
          -0.0,
          0.002676,
          0.970183,
          0.24204,
          1.057274,
          0.010705,
          -0.250121,
          0.968271,
          0.0,
          0.0,
          0.0,
          0.0,
          1.0
        ],
        [
          0.999939,
          -0.0,
          -0.011055,
          0.0,
          0.002683,
          0.970012,
          0.242701,
          1.057274,
          0.010702,
          -0.251074,
          0.968033,
          0.0,
          0.0,
          0.0,
          0.0,
          1.0
        ],
        [
          0.999939,
          0.0,
          -0.011055,
          0.0,
          0.002681,
          0.970066,
          0.242492,
          1.057274,
          0.010703,
          -0.250773,
          0.968108,
          0.0,
          0.0,
          0.0,
          0.0,
          1.0
        ],
        [
          0.999939,
          0.0,
          -0.011055,
          -0.0,
          0.002669,
          0.970342,
          0.241421,
          1.057274,
          0.010707,
          -0.249227,
          0.968494,
          0.0,
          0.0,
          0.0,
          0.0,
          1.0
        ],
        [
          0.999939,
          0.0,
          -0.011055,
          -0.0,
          0.002648,
          0.970837,
          0.239486,
          1.057274,
          0.010715,
          -0.246436,
          0.969185,
          0.0,
          0.0,
          0.0,
          0.0,
          1.0
        ],
        [
          0.999939,
          0.0,
          -0.011055,
          0.0,
          0.002617,
          0.971543,
          0.236685,
          1.057274,
          0.010726,
          -0.242397,
          0.970176,
          0.0,
          0.0,
          0.0,
          0.0,
          1.0
        ],
        [
          0.999939,
          -0.0,
          -0.011055,
          0.0,
          0.002576,
          0.972449,
          0.233015,
          1.057274,
          0.01074,
          -0.237106,
          0.971454,
          0.0,
          0.0,
          0.0,
          0.0,
          1.0
        ],
        [
          0.999919,
          2.3e-05,
          -0.011054,
          0.0,
          0.002513,
          0.973523,
          0.228456,
          1.057274,
          0.010745,
          -0.230552,
          0.973003,
          0.0,
          0.0,
          0.0,
          0.0,
          1.0
        ]
      ]
    },
    {
      "name": "Tentacle1_2.L",
      "time": [
        0.0,
        0.0333,
        0.0667,
        0.1,
        0.1333,
        0.1667,
        0.2,
        0.2333,
        0.2667,
        0.3,
        0.3333,
        0.3667,
        0.4,
        0.4333,
        0.4667,
        0.5,
        0.5333,
        0.5667,
        0.6,
        0.6333,
        0.6667,
        0.7,
        0.7333,
        0.7667,
        0.8,
        0.8333,
        0.8667,
        0.9
      ],
      "transform": [
        [
          0.998462,
          -0.013783,
          -0.053702,
          0.0,
          0.033481,
          0.921942,
          0.385879,
          1.413427,
          0.044191,
          -0.387083,
          0.920985,
          0.0,
          0.0,
          0.0,
          0.0,
          1.0
        ],
        [
          0.998514,
          -0.012291,
          -0.053087,
          -0.0,
          0.030365,
          0.934454,
          0.354786,
          1.413428,
          0.045246,
          -0.355871,
          0.933439,
          0.0,
          0.0,
          0.0,
          0.0,
          1.0
        ],
        [
          0.998648,
          -0.008742,
          -0.051245,
          -0.0,
          0.021956,
          0.964457,
          0.263326,
          1.413427,
          0.047122,
          -0.264095,
          0.963345,
          -0.0,
          0.0,
          0.0,
          0.0,
          1.0
        ],
        [
          0.998828,
          -0.004345,
          -0.048208,
          -0.0,
          0.009742,
          0.993628,
          0.112289,
          1.413427,
          0.047413,
          -0.112627,
          0.992505,
          0.0,
          0.0,
          0.0,
          0.0,
          1.0
        ],
        [
          0.999042,
          -0.000107,
          -0.043749,
          -0.0,
          -0.004019,
          0.995544,
          -0.094216,
          1.413427,
          0.043565,
          0.094302,
          0.99459,
          -0.0,
          0.0,
          0.0,
          0.0,
          1.0
        ],
        [
          0.999305,
          0.003275,
          -0.037144,
          0.0,
          -0.01574,
          0.940081,
          -0.340588,
          1.413427,
          0.033803,
          0.340936,
          0.939478,
          -1e-06,
          0.0,
          0.0,
          0.0,
          1.0
        ],
        [
          0.999614,
          0.005742,
          -0.027173,
          -0.0,
          -0.020784,
          0.803631,
          -0.594765,
          1.413427,
          0.018421,
          0.5951,
          0.803441,
          -0.0,
          0.0,
          0.0,
          0.0,
          1.0
        ],
        [
          0.999934,
          0.007027,
          -0.009107,
          -0.0,
          -0.011497,
          0.58526,
          -0.810764,
          1.413427,
          -0.000368,
          0.810815,
          0.585302,
          -0.0,
          0.0,
          0.0,
          0.0,
          1.0
        ],
        [
          0.999881,
          0.010177,
          0.011575,
          -0.0,
          0.007101,
          0.362428,
          -0.931984,
          1.413427,
          -0.01368,
          0.931956,
          0.362313,
          -0.0,
          0.0,
          0.0,
          0.0,
          1.0
        ],
        [
          0.999695,
          0.01265,
          0.021226,
          0.0,
          0.017167,
          0.262305,
          -0.964832,
          1.413427,
          -0.017773,
          0.964902,
          0.262007,
          -0.0,
          0.0,
          0.0,
          0.0,
          1.0
        ],
        [
          0.999703,
          0.012333,
          0.021,
          -0.0,
          0.01661,
          0.285297,
          -0.958295,
          1.413427,
          -0.01781,
          0.95836,
          0.285007,
          0.0,
          0.0,
          0.0,
          0.0,
          1.0
        ],
        [
          0.999727,
          0.011507,
          0.020352,
          0.0,
          0.015105,
          0.346504,
          -0.937927,
          1.413427,
          -0.017845,
          0.937978,
          0.346236,
          -0.0,
          0.0,
          0.0,
          0.0,
          1.0
        ],
        [
          0.99976,
          0.010378,
          0.019311,
          0.0,
          0.012907,
          0.433367,
          -0.901125,
          1.413427,
          -0.01772,
          0.901158,
          0.433128,
          0.0,
          0.0,
          0.0,
          0.0,
          1.0
        ],
        [
          0.999797,
          0.009163,
          0.017934,
          -0.0,
          0.010309,
          0.532114,
          -0.84661,
          1.413427,
          -0.017301,
          0.846623,
          0.531912,
          0.0,
          0.0,
          0.0,
          0.0,
          1.0
        ],
        [
          0.999834,
          0.008059,
          0.016341,
          0.0,
          0.007636,
          0.628989,
          -0.777376,
          1.413427,
          -0.016543,
          0.777372,
          0.628823,
          0.0,
          0.0,
          0.0,
          0.0,
          1.0
        ],
        [
          0.999867,
          0.007224,
          0.014697,
          0.0,
          0.005214,
          0.710588,
          -0.703249,
          1.413427,
          -0.015521,
          0.70427,
          0.710103,
          -0.0,
          0.0,
          0.0,
          0.0,
          1.0
        ],
        [
          0.99989,
          0.006651,
          0.013256,
          0.0,
          0.003304,
          0.771598,
          -0.635278,
          1.413427,
          -0.014452,
          0.637564,
          0.770945,
          -0.0,
          0.0,
          0.0,
          0.0,
          1.0
        ],
        [
          0.999896,
          0.006272,
          0.012282,
          0.0,
          0.002052,
          0.812646,
          -0.582268,
          1.413427,
          -0.013639,
          0.583485,
          0.812348,
          -0.0,
          0.0,
          0.0,
          0.0,
          1.0
        ],
        [
          0.99991,
          0.006021,
          0.011997,
          -0.0,
          0.001563,
          0.833941,
          -0.553357,
          1.413427,
          -0.013342,
          0.549482,
          0.834412,
          -0.0,
          0.0,
