{
  "animation": [
    {
      "name": "root",
      "time": [
        0.0,
        1.5833
      ],
      "transform": [
        [
          1.0,
          0.0,
          0.0,
          0.0,
          0.0,
          0.0,
          -1.0,
          0.0,
          0.0,
          1.0,
          0.0,
          0.0,
          0.0,
          0.0,
          0.0,
          1.0
        ],
        [
          1.0,
          0.0,
          0.0,
          0.0,
          0.0,
          0.0,
          -1.0,
          0.0,
          0.0,
          1.0,
          0.0,
          0.0,
          0.0,
          0.0,
          0.0,
          1.0
        ]
      ]
    },
    {
      "name": "tablet",
      "time": [
        0.0,
        1.5833
      ],
      "transform": [
        [
          1.0,
          0.0,
          0.0,
          0.0,
          0.0,
          1.0,
          0.0,
          1.5,
          0.0,
          0.0,
          1.0,
          0.0,
          0.0,
          0.0,
          0.0,
          1.0
        ],
        [
          1.0,
          0.0,
          0.0,
          0.0,
          0.0,
          1.0,
          0.0,
          1.5,
          0.0,
          0.0,
          1.0,
          0.0,
          0.0,
          0.0,
          0.0,
          1.0
        ]
      ]
    },
    {
      "name": "tentacle1.0.L",
      "time": [
        0.0,
        1.5833
      ],
      "transform": [
        [
          -0.0,
          0.935327,
          -0.353785,
          0.848336,
          0.0,
          0.353785,
          0.935327,
          1.515983,
          1.0,
          0.0,
          -0.0,
          0.0,
          0.0,
          0.0,
          0.0,
          1.0
        ],
        [
          -0.0,
          0.935327,
          -0.353785,
          0.848336,
          0.0,
          0.353785,
          0.935327,
          1.515983,
          1.0,
          0.0,
          -0.0,
          0.0,
          0.0,
          0.0,
          0.0,
          1.0
        ]
      ]
    },
    {
      "name": "tentacle1.1.L",
      "time": [
        0.0,
        1.5833
      ],
      "transform": [
        [
          0.999939,
          0.0,
          0.011057,
          0.0,
          0.009191,
          0.555875,
          -0.831215,
          1.057274,
          -0.006146,
          0.831266,
          0.555841,
          0.0,
          0.0,
          0.0,
          0.0,
          1.0
        ],
        [
          0.999939,
          0.0,
          0.011057,
          0.0,
          0.009191,
          0.555875,
          -0.831215,
          1.057274,
          -0.006146,
          0.831266,
          0.555841,
          0.0,
          0.0,
          0.0,
          0.0,
          1.0
        ]
      ]
    },
    {
      "name": "tentacle1.2.L",
      "time": [
        0.0,
        1.5833
      ],
      "transform": [
        [
          0.999934,
          -0.011051,
          -0.003128,
          -0.0,
          -0.002762,
          0.032972,
          -0.999452,
          1.413427,
          0.011148,
          0.999395,
          0.032939,
          -0.0,
          0.0,
          0.0,
          0.0,
          1.0
        ],
        [
          0.999934,
          -0.011051,
          -0.003128,
          -0.0,
          -0.002762,
          0.032972,
          -0.999452,
          1.413427,
          0.011148,
          0.999395,
          0.032939,
          -0.0,
          0.0,
          0.0,
          0.0,
          1.0
        ]
      ]
    },
    {
      "name": "tentacle1.2.L.001",
      "time": [
        0.0,
        1.5833
      ],
      "transform": [
        [
          0.999997,
          0.002107,
          -0.000999,
          -0.0,
          -0.002111,
          0.63608,
          -0.77162,
          1.413327,
          -0.00099,
          0.77162,
          0.636082,
          -0.0,
          0.0,
          0.0,
          0.0,
          1.0
        ],
        [
          0.999997,
          0.002107,
          -0.000999,
          -0.0,
          -0.002111,
          0.63608,
          -0.77162,
          1.413327,
          -0.00099,
          0.77162,
          0.636082,
          -0.0,
          0.0,
          0.0,
          0.0,
          1.0
        ]
      ]
    },
    {
      "name": "tentacle2.0.L",
      "time": [
        0.0,
        1.5833
      ],
      "transform": [
        [
          -0.021763,
          0.999099,
          0.036425,
          0.910282,
          -0.191119,
          -0.039919,
          0.980755,
          0.640983,
          0.981326,
          0.014383,
          0.191816,
          0.0,
          0.0,
          0.0,
          0.0,
          1.0
        ],
        [
          -0.021763,
          0.999099,
          0.036425,
          0.910282,
          -0.191119,
          -0.039919,
          0.980755,
          0.640983,
          0.981326,
          0.014383,
          0.191816,
          0.0,
          0.0,
          0.0,
          0.0,
          1.0
        ]
      ]
    },
    {
      "name": "tentacle2.1.L",
      "time": [
        0.0,
        0.0417,
        0.0833,
        0.125,
        0.1667,
        0.2083,
        0.25,
        0.2917,
        0.3333,
        0.375,
        0.4167,
        0.4583,
        0.5,
        0.5417,
        0.5833,
        0.625,
        0.6667,
        0.7083,
        0.75,
        0.7917,
        0.8333,
        0.875,
        0.9167,
        0.9583,
        1.0,
        1.0417,
        1.0833,
        1.125,
        1.1667,
        1.2083,
        1.25,
        1.2917,
        1.3333,
        1.375,
        1.4167,
        1.4583,
        1.5,
        1.5417,
        1.5833
      ],
      "transform": [
        [
          -0.983577,
          -0.075712,
          0.163844,
          0.0,
          -0.011695,
          0.932593,
          0.360741,
          0.995597,
          -0.180112,
          0.352901,
          -0.918162,
          -0.0,
          0.0,
          0.0,
          0.0,
          1.0
        ],
        [
          -0.983564,
          -0.078009,
          0.162837,
          0.0,
          -0.011843,
          0.927785,
          0.372928,
          0.995597,
          -0.180169,
          0.36487,
          -0.91346,
          -0.0,
          0.0,
          0.0,
          0.0,
          1.0
        ],
        [
          -0.983553,
          -0.079983,
          0.161942,
          0.0,
          -0.011971,
          0.923501,
          0.38341,
          0.995597,
          -0.18022,
          0.375166,
          -0.909269,
          -0.0,
          0.0,
          0.0,
          0.0,
          1.0
        ],
        [
          -0.983544,
          -0.081682,
          0.161151,
          0.0,
          -0.012081,
          0.919701,
          0.392432,
          0.995597,
          -0.180266,
          0.384027,
          -0.905553,
          -0.0,
          0.0,
          0.0,
          0.0,
          1.0
        ],
        [
          -0.983535,
          -0.083144,
          0.160454,
          0.0,
          -0.012175,
          0.916347,
          0.4002,
          0.995597,
          -0.180305,
          0.391658,
          -0.902272,
          -0.0,
          0.0,
          0.0,
          0.0,
          1.0
        ],
        [
          -0.983528,
          -0.084402,
          0.159841,
          0.0,
          -0.012257,
          0.913394,
          0.406892,
          0.995597,
          -0.180341,
          0.39823,
          -0.899383,
          -0.0,
          0.0,
          0.0,
          0.0,
          1.0
        ],
        [
          -0.983522,
          -0.085487,
          0.159304,
          0.0,
          -0.012327,
          0.910803,
          0.412659,
          0.995597,
          -0.180371,
          0.403895,
          -0.896847,
          -0.0,
          0.0,
          0.0,
          0.0,
          1.0
        ],
        [
          -0.983515,
          -0.086422,
          0.158834,
          0.0,
          -0.012387,
          0.908532,
          0.41763,
          0.995597,
          -0.180398,
          0.408778,
          -0.894626,
          -0.0,
          0.0,
          0.0,
          0.0,
          1.0
        ],
        [
          -0.983511,
          -0.087227,
          0.158424,
          0.0,
          -0.012439,
          0.906549,
          0.421918,
          0.995597,
          -0.180422,
          0.41299,
          -0.892685,
          -0.0,
          0.0,
          0.0,
          0.0,
          1.0
        ],
        [
          -0.983506,
          -0.087923,
          0.158066,
          0.0,
          -0.012484,
          0.904818,
          0.425616,
          0.995597,
          -0.180442,
          0.416623,
          -0.890991,
          -0.0,
          0.0,
          0.0,
          0.0,
          1.0
        ],
        [
          -0.983483,
          -0.08854,
          0.157748,
          0.0,
          -0.012503,
          0.903291,
          0.428798,
          0.995597,
          -0.180456,
          0.419746,
          -0.889478,
          -0.0,
          0.0,
          0.0,
          0.0,
          1.0
        ],
        [
          -0.983483,
          -0.08907,
          0.157479,
          0.0,
          -0.012557,
          0.901982,
          0.431554,
          0.995597,
          -0.18048,
          0.422451,
          -0.888203,
          -0.0,
          0.0,
          0.0,
          0.0,
          1.0
        ],
        [
          -0.983483,
          -0.089523,
          0.157245,
          0.0,
          -0.012599,
          0.900844,
          0.433934,
          0.995597,
          -0.180499,
          0.424787,
          -0.887092,
          -0.0,
          0.0,
          0.0,
          0.0,
          1.0
        ],
        [
          -0.983483,
          -0.089912,
          0.157042,
          0.0,
          -0.012632,
          0.899854,
          0.435988,
          0.995597,
          -0.180514,
          0.426804,
          -0.886127,
          -0.0,
          0.0,
          0.0,
          0.0,
          1.0
        ],
        [
          -0.983483,
          -0.090245,
          0.156865,
          0.0,
          -0.012658,
          0.898995,
          0.437761,
          0.995597,
          -0.180526,
          0.428546,
          -0.885288,
          -0.0,
          0.0,
          0.0,
          0.0,
          1.0
        ],
        [
          -0.983482,
          -0.090532,
          0.156712,
          0.0,
          -0.012678,
          0.89825,
          0.439293,
          0.995597,
          -0.180535,
          0.43005,
          -0.88456,
          -0.0,
          0.0,
          0.0,
          0.0,
          1.0
        ],
        [
          -0.983482,
          -0.090778,
          0.156578,
          0.0,
          -0.012694,
          0.897602,
          0.440616,
          0.995597,
          -0.180543,
          0.43135,
          -0.883927,
          -0.0,
          0.0,
          0.0,
          0.0,
          1.0
        ],
        [
          -0.983482,
          -0.09099,
          0.156463,
          0.0,
          -0.012708,
          0.897041,
          0.441758,
          0.995597,
          -0.180549,
          0.432473,
          -0.883379,
          -0.0,
          0.0,
          0.0,
          0.0,
          1.0
        ],
        [
          -0.983481,
          -0.091172,
          0.156363,
          0.0,
          -0.012718,
          0.896555,
          0.442745,
          0.995597,
          -0.180554,
          0.433443,
          -0.882904,
          -0.0,
          0.0,
          0.0,
          0.0,
          1.0
        ],
        [
          -0.983481,
          -0.091329,
          0.156276,
          0.0,
          -0.012727,
          0.896134,
          0.443598,
          0.995597,
          -0.180558,
          0.434282,
          -0.882492,
          -0.0,
          0.0,
          0.0,
          0.0,
          1.0
        ],
        [
          -0.98348,
          -0.091465,
          0.156201,
          0.0,
          -0.012734,
          0.895769,
          0.444335,
          0.995597,
          -0.180561,
          0.435006,
          -0.882136,
          -0.0,
          0.0,
          0.0,
          0.0,
          1.0
        ],
        [
          -0.98348,
          -0.091581,
          0.156136,
          0.0,
          -0.012739,
          0.895453,
          0.444972,
          0.995597,
          -0.180564,
          0.435632,
          -0.881827,
          -0.0,
          0.0,
          0.0,
          0.0,
          1.0
        ],
        [
          -0.98348,
          -0.091682,
          0.15608,
          0.0,
          -0.012744,
          0.89518,
          0.445522,
          0.995597,
          -0.180566,
          0.436173,
          -0.881559,
          -0.0,
          0.0,
          0.0,
          0.0,
          1.0
        ],
        [
          -0.983479,
          -0.091769,
          0.156032,
          0.0,
          -0.012748,
          0.894943,
          0.445997,
          0.995597,
          -0.180568,
          0.43664,
          -0.881328,
          -0.0,
          0.0,
          0.0,
          0.0,
          1.0
        ],
        [
          -0.983479,
          -0.091843,
          0.155989,
          0.0,
          -0.012751,
          0.894738,
          0.446408,
          0.995597,
          -0.180569,
          0.437044,
          -0.881128,
          -0.0,
          0.0,
          0.0,
          0.0,
          1.0
        ],
        [
          -0.983479,
          -0.091908,
          0.155953,
          0.0,
          -0.012754,
          0.894561,
          0.446763,
          0.995597,
          -0.180571,
          0.437393,
          -0.880954,
          -0.0,
          0.0,
          0.0,
          0.0,
          1.0
        ],
        [
          -0.983479,
          -0.091964,
          0.155921,
          0.0,
          -0.012756,
          0.894408,
          0.44707,
          0.995597,
          -0.180572,
          0.437695,
          -0.880804,
          -0.0,
          0.0,
          0.0,
          0.0,
          1.0
        ],
        [
          -0.983479,
          -0.092012,
          0.155894,
          0.0,
          -0.012758,
          0.894275,
          0.447335,
          0.995597,
          -0.180573,
          0.437956,
          -0.880675,
          -0.0,
          0.0,
          0.0,
          0.0,
          1.0
        ],
        [
          -0.983478,
          -0.092054,
          0.155871,
          0.0,
          -0.012759,
          0.89416,
          0.447565,
          0.995597,
          -0.180573,
          0.438181,
          -0.880562,
          -0.0,
          0.0,
          0.0,
          0.0,
          1.0
        ],
        [
          -0.983478,
          -0.09209,
          0.15585,
          0.0,
          -0.012761,
          0.894061,
          0.447763,
          0.995597,
          -0.180574,
          0.438376,
          -0.880465,
          -0.0,
          0.0,
          0.0,
          0.0,
          1.0
        ],
        [
          -0.983478,
          -0.09212,
          0.155833,
          0.0,
          -0.012762,
          0.893976,
          0.447934,
          0.995597,
          -0.180575,
          0.438545,
          -0.880381,
          -0.0,
          0.0,
          0.0,
          0.0,
          1.0
        ],
        [
          -0.983478,
          -0.092147,
          0.155817,
          0.0,
          -0.012763,
          0.893902,
          0.448082,
          0.995597,
          -0.180575,
          0.43869,
          -0.880309,
          -0.0,
          0.0,
          0.0,
          0.0,
          1.0
        ],
        [
          -0.983478,
          -0.092171,
          0.155804,
          0.0,
          -0.012764,
          0.893837,
          0.448209,
          0.995597,
          -0.180575,
          0.438816,
          -0.880246,
          -0.0,
          0.0,
          0.0,
          0.0,
          1.0
        ],
        [
          -0.983478,
          -0.092191,
          0.155793,
          0.0,
          -0.012764,
          0.893782,
          0.44832,
          0.995597,
          -0.180576,
          0.438924,
          -0.880192,
          -0.0,
          0.0,
          0.0,
          0.0,
          1.0
        ],
        [
          -0.983478,
          -0.092208,
          0.155783,
          0.0,
          -0.012765,
          0.893734,
          0.448416,
          0.995597,
          -0.180576,
          0.439019,
          -0.880145,
          -0.0,
          0.0,
          0.0,
          0.0,
          1.0
        ],
        [
          -0.983478,
          -0.092223,
          0.155775,
          0.0,
          -0.012765,
          0.893692,
          0.448498,
          0.995597,
          -0.180576,
          0.4391,
          -0.880104,
          -0.0,
          0.0,
          0.0,
          0.0,
          1.0
        ],
        [
          -0.983478,
          -0.092236,
          0.155767,
          0.0,
          -0.012766,
          0.893657,
          0.44857,
          0.995597,
          -0.180576,
          0.43917,
          -0.880069,
          -0.0,
          0.0,
          0.0,
          0.0,
          1.0
        ],
        [
          -0.983478,
          -0.092247,
          0.155761,
          0.0,
          -0.012766,
          0.893626,
          0.448631,
          0.995597,
          -0.180577,
          0.439231,
          -0.880039,
          -0.0,
          0.0,
          0.0,
          0.0,
          1.0
        ],
        [
          -0.983478,
          -0.092257,
          0.155755,
          0.0,
          -0.012766,
          0.893599,
          0.448685,
          0.995597,
          -0.180577,
          0.439283,
          -0.880013,
          -0.0,
          0.0,
          0.0,
          0.0,
          1.0
        ]
      ]
    },
    {
      "name": "tentacle2.2.L",
      "time": [
        0.0,
        0.0417,
        0.0833,
        0.125,
        0.1667,
        0.2083,
        0.25,
        0.2917,
        0.3333,
        0.375,
        0.4167,
        0.4583,
        0.5,
        0.5417,
        0.5833,
        0.625,
        0.6667,
        0.7083,
        0.75,
        0.7917,
        0.8333,
        0.875,
        0.9167,
        0.9583,
        1.0,
        1.0417,
        1.0833,
        1.125,
        1.1667,
        1.2083,
        1.25,
        1.2917,
        1.3333,
        1.375,
        1.4167,
        1.4583,
        1.5,
        1.5417,
        1.5833
      ],
      "transform": [
        [
          -0.950337,
          0.225489,
          0.214509,
          0.0,
          0.040229,
          0.772465,
          -0.633781,
          1.413076,
          -0.308612,
          -0.593676,
          -0.743173,
          0.0,
          0.0,
          0.0,
          0.0,
          1.0
        ],
        [
          -0.950469,
          0.227725,
          0.211542,
          0.0,
          0.039633,
          0.763833,
          -0.644195,
          1.413075,
          -0.308283,
          -0.603903,
          -0.735025,
          0.0,
          0.0,
          0.0,
          0.0,
          1.0
        ],
        [
          -0.950732,
          0.229183,
          0.208766,
          0.0,
          0.038661,
          0.755804,
          -0.653655,
          1.413076,
          -0.307592,
          -0.613379,
          -0.727428,
          -0.0,
          0.0,
          0.0,
          0.0,
          1.0
        ],
        [
          -0.951071,
          0.230083,
          0.206216,
          0.0,
          0.037492,
          0.748435,
          -0.662147,
          1.413075,
          -0.306688,
          -0.622018,
          -0.720442,
          -0.0,
          0.0,
          0.0,
          0.0,
          1.0
        ],
        [
          -0.951446,
          0.230592,
          0.203906,
          0.0,
          0.036243,
          0.741743,
          -0.669703,
          1.413076,
          -0.305674,
          -0.629796,
          -0.714086,
          0.0,
          0.0,
          0.0,
          0.0,
          1.0
        ],
        [
          -0.951829,
          0.23083,
          0.201838,
          -0.0,
          0.034993,
          0.73572,
          -0.676381,
          1.413075,
          -0.304625,
          -0.636737,
          -0.708357,
          -0.0,
          0.0,
          0.0,
          0.0,
          1.0
        ],
        [
          -0.952204,
          0.230887,
          0.199999,
          -0.0,
          0.033789,
          0.730334,
          -0.682253,
          1.413075,
          -0.30359,
          -0.642886,
          -0.703229,
          0.0,
          0.0,
          0.0,
          0.0,
          1.0
        ],
        [
          -0.952558,
          0.230825,
          0.198375,
          0.0,
          0.032662,
          0.725548,
          -0.687395,
          1.413076,
          -0.302598,
          -0.648304,
          -0.698667,
          0.0,
          0.0,
          0.0,
          0.0,
          1.0
        ],
        [
          -0.952887,
          0.23069,
          0.196947,
          -0.0,
          0.031625,
          0.721315,
          -0.691885,
          1.413075,
          -0.301672,
          -0.653059,
          -0.694628,
          -0.0,
          0.0,
          0.0,
          0.0,
          1.0
        ],
        [
          -0.953188,
          0.230514,
          0.195697,
          0.0,
          0.030685,
          0.717586,
          -0.695793,
          1.413076,
          -0.300819,
          -0.657216,
          -0.691067,
          0.0,
          0.0,
          0.0,
          0.0,
          1.0
        ],
        [
          -0.953465,
          0.230289,
          0.194606,
          -0.0,
          0.029822,
          0.714318,
          -0.699186,
          1.413076,
          -0.300027,
          -0.660845,
          -0.687946,
          -0.0,
          0.0,
          0.0,
          0.0,
          1.0
        ],
        [
          -0.953709,
          0.230081,
          0.193656,
          -0.0,
          0.029065,
          0.711452,
          -0.702132,
          1.413076,
          -0.299325,
          -0.664001,
          -0.685206,
          -0.0,
          0.0,
          0.0,
          0.0,
          1.0
        ],
        [
          -0.953924,
          0.229885,
          0.192828,
          -0.0,
          0.028401,
          0.708947,
          -0.704689,
          1.413075,
          -0.298704,
          -0.666743,
          -0.682811,
          0.0,
          0.0,
          0.0,
          0.0,
          1.0
        ],
        [
          -0.954076,
          0.229733,
          0.192103,
          -0.0,
          0.027853,
          0.706735,
          -0.706863,
          1.413076,
          -0.298129,
          -0.669096,
          -0.68073,
          0.0,
          0.0,
          0.0,
          0.0,
          1.0
        ],
        [
          -0.954244,
          0.229585,
          0.19148,
          -0.0,
          0.027354,
          0.704834,
          -0.708794,
          1.413076,
          -0.29767,
          -0.671159,
          -0.678903,
          0.0,
          0.0,
          0.0,
          0.0,
          1.0
        ],
        [
          -0.954393,
          0.229441,
          0.19094,
          0.0,
          0.026913,
          0.703182,
          -0.710463,
          1.413076,
          -0.29726,
          -0.672948,
          -0.677316,
          -0.0,
          0.0,
          0.0,
          0.0,
          1.0
        ],
        [
          -0.954523,
          0.229305,
          0.190473,
          0.0,
          0.026524,
          0.701748,
          -0.711903,
          1.413076,
          -0.296896,
          -0.674495,
          -0.675938,
          -0.0,
          0.0,
          0.0,
          0.0,
          1.0
        ],
        [
          -0.954638,
          0.229179,
          0.190069,
          -0.0,
          0.026183,
          0.700503,
          -0.713147,
          1.413075,
          -0.296573,
          -0.675835,
          -0.674744,
          0.0,
          0.0,
          0.0,
          0.0,
          1.0
        ],
        [
          -0.954737,
          0.229063,
          0.189719,
          0.0,
          0.025884,
          0.699425,
          -0.714221,
          1.413076,
          -0.29629,
          -0.676994,
          -0.673708,
          -0.0,
          0.0,
          0.0,
          0.0,
          1.0
        ],
        [
          -0.954824,
          0.22896,
          0.189416,
          0.0,
          0.025624,
          0.69849,
          -0.715149,
          1.413076,
          -0.296041,
          -0.677996,
          -0.672811,
          -0.0,
          0.0,
          0.0,
          0.0,
          1.0
        ],
        [
          -0.9549,
          0.228867,
          0.189154,
          0.0,
          0.025397,
          0.697681,
          -0.71595,
          1.413076,
          -0.295823,
          -0.678862,
          -0.672035,
          -0.0,
          0.0,
          0.0,
          0.0,
          1.0
        ],
        [
          -0.954965,
          0.228785,
          0.188929,
          0.0,
          0.0252,
          0.69698,
          -0.716641,
          1.413075,
          -0.295633,
          -0.67961,
          -0.671362,
          -0.0,
          0.0,
          0.0,
          0.0,
          1.0
        ],
        [
          -0.955022,
          0.228712,
          0.188733,
          -0.0,
          0.025029,
          0.696374,
          -0.717237,
          1.413075,
          -0.295468,
          -0.680257,
          -0.67078,
          -0.0,
          0.0,
          0.0,
          0.0,
          1.0
        ],
        [
          -0.955071,
          0.228648,
          0.188564,
          0.0,
          0.024881,
          0.69585,
          -0.717752,
          1.413076,
          -0.295324,
          -0.680816,
          -0.670277,
          -0.0,
          0.0,
          0.0,
          0.0,
          1.0
        ],
        [
          -0.955113,
          0.228593,
          0.188418,
          0.0,
          0.024752,
          0.695395,
          -0.718198,
          1.413075,
          -0.295199,
          -0.681299,
          -0.669842,
          -0.0,
          0.0,
          0.0,
          0.0,
          1.0
        ],
        [
          -0.955151,
          0.228544,
          0.188292,
          0.0,
          0.024641,
          0.695003,
          -0.718582,
          1.413076,
          -0.29509,
          -0.681716,
          -0.669466,
          0.0,
          0.0,
          0.0,
          0.0,
          1.0
        ],
        [
          -0.955182,
          0.228502,
          0.188183,
          -0.0,
          0.024545,
          0.694664,
          -0.718914,
          1.413076,
          -0.294996,
          -0.682076,
          -0.66914,
          -0.0,
          0.0,
          0.0,
          0.0,
          1.0
        ],
        [
          -0.955209,
          0.228465,
          0.188089,
          0.0,
          0.024461,
          0.69437,
          -0.719201,
          1.413075,
          -0.294915,
          -0.682387,
          -0.668858,
          -0.0,
          0.0,
          0.0,
          0.0,
          1.0
        ],
        [
          -0.955233,
          0.228432,
          0.188008,
          0.0,
          0.024389,
          0.694117,
          -0.719448,
          1.413075,
          -0.294844,
          -0.682656,
          -0.668615,
          -0.0,
          0.0,
          0.0,
          0.0,
          1.0
        ],
        [
          -0.955254,
          0.228404,
          0.187937,
          0.0,
          0.024326,
          0.693897,
          -0.719662,
          1.413076,
          -0.294783,
          -0.682889,
          -0.668405,
          -0.0,
          0.0,
          0.0,
          0.0,
          1.0
        ],
        [
          -0.955272,
          0.228381,
          0.187876,
          -0.0,
          0.024273,
          0.693707,
          -0.719847,
          1.413076,
          -0.29473,
          -0.68309,
          -0.668223,
          0.0,
          0.0,
          0.0,
          0.0,
          1.0
        ],
        [
          -0.955287,
          0.22836,
          0.187823,
          -0.0,
          0.024226,
          0.693543,
          -0.720007,
          1.413075,
          -0.294684,
          -0.683264,
          -0.668065,
          0.0,
          0.0,
          0.0,
          0.0,
          1.0
        ],
        [
          -0.955301,
          0.228342,
          0.187778,
          0.0,
          0.024186,
          0.693402,
          -0.720145,
          1.413075,
          -0.294645,
          -0.683413,
          -0.66793,
          0.0,
          0.0,
          0.0,
          0.0,
          1.0
        ],
        [
          -0.955312,
          0.228326,
          0.187739,
          0.0,
          0.024151,
          0.693279,
          -0.720264,
          1.413076,
          -0.294611,
          -0.683543,
          -0.667813,
          -0.0,
          0.0,
          0.0,
          0.0,
          1.0
        ],
        [
          -0.955322,
          0.228313,
          0.187705,
          -0.0,
          0.024121,
          0.693173,
          -0.720367,
          1.413076,
          -0.294581,
          -0.683655,
          -0.667711,
          -0.0,
          0.0,
          0.0,
          0.0,
          1.0
        ],
        [
          -0.95533,
          0.228301,
          0.187676,
          0.0,
          0.024095,
          0.693082,
          -0.720455,
          1.413075,
          -0.294556,
          -0.683751,
          -0.667623,
          0.0,
          0.0,
          0.0,
          0.0,
          1.0
        ],
        [
          -0.955338,
          0.228291,
          0.18765,
          0.0,
          0.024073,
          0.693002,
          -0.720533,
          1.413075,
          -0.294533,
          -0.683835,
          -0.667547,
          -0.0,
          0.0,
          0.0,
          0.0,
          1.0
        ],
        [
          -0.955344,
          0.228282,
          0.187629,
          -0.0,
          0.024054,
          0.692934,
          -0.720599,
          1.413076,
          -0.294514,
          -0.683907,
          -0.667482,
          0.0,
          0.0,
          0.0,
          0.0,
          1.0
        ],
        [
          -0.95535,
          0.228275,
          0.18761,
          -0.0,
          0.024037,
          0.692876,
          -0.720656,
          1.413075,
          -0.294498,
          -0.68397,
          -0.667426,
          0.0,
          0.0,
          0.0,
          0.0,
          1.0
        ]
      ]
    },
    {
      "name": "tentacle2.2.L.001",
      "time": [
        0.0,
        0.2917,
        0.3333,
        0.375,
        0.5833,
        0.625,
        0.6667,
        1.25,
        1.2917,
        1.3333,
        1.375,
        1.5833
      ],
      "transform": [
        [
          1.0,
          8e-06,
          0.0,
          0.0,
          -8e-06,
          0.999996,
          -0.002764,
          1.413327,
          -0.0,
          0.002764,
          0.999996,
          0.0,
          0.0,
          0.0,
          0.0,
          1.0
        ],
        [
          1.0,
          8e-06,
          0.0,
          0.0,
          -8e-06,
          0.999996,
          -0.002764,
          1.413327,
          -0.0,
          0.002764,
          0.999996,
          0.0,
          0.0,
          0.0,
          0.0,
          1.0
        ],
        [
          1.0,
          8e-06,
          0.0,
          -0.0,
          -8e-06,
          0.999996,
          -0.002764,
          1.413326,
          -0.0,
          0.002764,
          0.999996,
          0.0,
          0.0,
          0.0,
          0.0,
          1.0
        ],
        [
          1.0,
          8e-06,
          0.0,
          -0.0,
          -8e-06,
          0.999996,
          -0.002764,
          1.413327,
          -0.0,
          0.002764,
          0.999996,
          -0.0,
          0.0,
          0.0,
          0.0,
          1.0
        ],
        [
          1.0,
          8e-06,
          0.0,
          0.0,
          -8e-06,
          0.999996,
          -0.002764,
          1.413327,
          -0.0,
          0.002764,
          0.999996,
          -0.0,
          0.0,
          0.0,
          0.0,
          1.0
        ],
        [
          1.0,
          8e-06,
          0.0,
          0.0,
          -8e-06,
          0.999996,
          -0.002764,
          1.413328,
          -0.0,
          0.002764,
          0.999996,
          0.0,
          0.0,
          0.0,
          0.0,
          1.0
        ],
        [
          1.0,
          8e-06,
          0.0,
          0.0,
          -8e-06,
          0.999996,
          -0.002764,
          1.413327,
          -0.0,
          0.002764,
          0.999996,
          0.0,
          0.0,
          0.0,
          0.0,
          1.0
        ],
        [
          1.0,
          8e-06,
          0.0,
          0.0,
          -8e-06,
          0.999996,
          -0.002764,
          1.413327,
          -0.0,
          0.002764,
          0.999996,
          -0.0,
          0.0,
          0.0,
          0.0,
          1.0
        ],
        [
          1.0,
          8e-06,
          0.0,
          0.0,
          -8e-06,
          0.999996,
          -0.002764,
          1.413327,
          -0.0,
          0.002764,
          0.999996,
          1e-06,
          0.0,
          0.0,
          0.0,
          1.0
        ],
        [
          1.0,
          8e-06,
          0.0,
          -0.0,
          -8e-06,
          0.999996,
          -0.002764,
          1.413327,
          -0.0,
          0.002764,
          0.999996,
          1e-06,
          0.0,
          0.0,
          0.0,
          1.0
        ],
        [
          1.0,
          8e-06,
          0.0,
          -0.0,
          -8e-06,
          0.999996,
          -0.002764,
          1.413327,
          -0.0,
          0.002764,
          0.999996,
          -0.0,
          0.0,
          0.0,
          0.0,
          1.0
        ],
        [
          1.0,
          8e-06,
          0.0,
          -0.0,
          -8e-06,
          0.999996,
          -0.002764,
          1.413327,
          -0.0,
          0.002764,
          0.999996,
          -0.0,
          0.0,
          0.0,
          0.0,
          1.0
        ]
      ]
    },
    {
      "name": "tentacle3.0.L",
      "time": [
        0.0,
        1.5833
      ],
      "transform": [
        [
          0.000231,
          0.747443,
          0.664326,
          0.972743,
          0.002107,
          -0.664325,
          0.747441,
          -0.241719,
          0.999998,
          0.001227,
          -0.001728,
          0.0,
          0.0,
          0.0,
          0.0,
          1.0
        ],
        [
          0.000231,
          0.747443,
          0.664326,
          0.972743,
          0.002107,
          -0.664325,
          0.747441,
          -0.241719,
          0.999998,
          0.001227,
          -0.001728,
          0.0,
          0.0,
          0.0,
          0.0,
          1.0
        ]
      ]
    },
    {
      "name": "tentacle3.1.L",
      "time": [
        0.0,
        0.0417,
        0.0833,
        0.125,
        0.1667,
        0.2083,
        0.25,
        0.2917,
        0.3333,
        0.375,
        0.4167,
        0.4583,
        0.5,
        0.5417,
        0.5833,
        0.625,
        0.6667,
        0.7083,
        0.75,
        0.7917,
        0.8333,
        0.875,
        0.9167,
        0.9583,
        1.0,
        1.0417,
        1.0833,
        1.125,
        1.1667,
        1.2083,
        1.25,
        1.2917,
        1.3333,
        1.375,
        1.4167,
        1.4583,
        1.5,
        1.5417,
        1.5833
      ],
      "transform": [
        [
          0.999576,
          0.027903,
          0.008249,
          0.0,
          -0.017039,
          0.79113,
          -0.61141,
          1.058051,
          -0.023586,
          0.611011,
          0.791271,
          0.0,
          0.0,
          0.0,
          0.0,
          1.0
        ],
        [
          0.999668,
          0.024161,
          0.008957,
          0.0,
          -0.014234,
          0.807521,
          -0.589667,
          1.058051,
          -0.02148,
          0.589343,
          0.807597,
          0.0,
          0.0,
          0.0,
          0.0,
          1.0
        ],
        [
          0.999736,
          0.020912,
          0.009487,
          0.0,
          -0.011764,
          0.821201,
          -0.570518,
          1.058051,
          -0.019721,
          0.570256,
          0.82123,
          0.0,
          0.0,
          0.0,
          0.0,
          1.0
        ],
        [
          0.999787,
          0.018094,
          0.009883,
          0.0,
          -0.009595,
          0.832653,
          -0.553711,
          1.058051,
          -0.018248,
          0.553499,
          0.83265,
          0.0,
          0.0,
          0.0,
          0.0,
          1.0
        ],
        [
          0.999825,
          0.015652,
          0.01018,
          0.0,
          -0.007697,
          0.842272,
          -0.538998,
          1.058051,
          -0.01701,
          0.538825,
          0.842246,
          0.0,
          0.0,
          0.0,
          0.0,
          1.0
        ],
        [
          0.999854,
          0.013537,
          0.010401,
          0.0,
          -0.006039,
          0.850373,
          -0.526145,
          1.058051,
          -0.015967,
          0.526006,
          0.850331,
          0.0,
          0.0,
          0.0,
          0.0,
          1.0
        ],
        [
          0.999876,
          0.011706,
          0.010567,
          0.0,
          -0.004594,
          0.857215,
          -0.514938,
          1.058051,
          -0.015086,
          0.514825,
          0.857163,
          0.0,
          0.0,
          0.0,
          0.0,
          1.0
        ],
        [
          0.999892,
          0.010122,
          0.010691,
          0.0,
          -0.003335,
          0.863009,
          -0.505178,
          1.058051,
          -0.01434,
          0.505088,
          0.862949,
          0.0,
          0.0,
          0.0,
          0.0,
          1.0
        ],
        [
          0.999904,
          0.008751,
          0.010783,
          0.0,
          -0.00224,
          0.867926,
          -0.496689,
          1.058051,
          -0.013706,
          0.496617,
          0.867861,
          0.0,
          0.0,
          0.0,
          0.0,
          1.0
        ],
        [
          0.999913,
          0.007566,
          0.010852,
          0.0,
          -0.001288,
          0.872108,
          -0.489313,
          1.058051,
          -0.013167,
          0.489257,
          0.872041,
          0.0,
          0.0,
          0.0,
          0.0,
          1.0
        ],
        [
          0.999919,
          0.006541,
          0.010904,
          0.0,
          -0.000462,
          0.875671,
          -0.482908,
          1.058051,
          -0.012707,
          0.482864,
          0.875603,
          0.0,
          0.0,
          0.0,
          0.0,
          1.0
        ],
        [
          0.999924,
          0.005654,
          0.010943,
          0.0,
          0.000255,
          0.878712,
          -0.477352,
          1.058051,
          -0.012315,
          0.477318,
          0.878644,
          0.0,
          0.0,
          0.0,
          0.0,
          1.0
        ],
        [
