{
  "animation": [
    {
      "name": "Root",
      "time": [
        0.0,
        0.8
      ],
      "transform": [
        [
          1.0,
          0.0,
          0.0,
          0.0,
          0.0,
          0.0,
          -1.0,
          0.0,
          0.0,
          1.0,
          0.0,
          0.0,
          0.0,
          0.0,
          0.0,
          1.0
        ],
        [
          1.0,
          0.0,
          0.0,
          0.0,
          0.0,
          0.0,
          -1.0,
          0.0,
          0.0,
          1.0,
          0.0,
          0.0,
          0.0,
          0.0,
          0.0,
          1.0
        ]
      ]
    },
    {
      "name": "Tablet",
      "time": [
        0.0,
        0.8
      ],
      "transform": [
        [
          1.0,
          0.0,
          0.0,
          0.0,
          0.0,
          1.0,
          0.0,
          0.4,
          0.0,
          0.0,
          1.0,
          0.0,
          0.0,
          0.0,
          0.0,
          1.0
        ],
        [
          1.0,
          0.0,
          0.0,
          0.0,
          0.0,
          1.0,
          0.0,
          0.4,
          0.0,
          0.0,
          1.0,
          0.0,
          0.0,
          0.0,
          0.0,
          1.0
        ]
      ]
    },
    {
      "name": "Tentacle1_0.L",
      "time": [
        0.0,
        0.8
      ],
      "transform": [
        [
          -0.019433,
          -1.09884,
          0.041584,
          -0.848016,
          -0.014353,
          0.046053,
          0.99902,
          2.615983,
          -0.999708,
          0.020698,
          -0.015151,
          0.0,
          0.0,
          0.0,
          0.0,
          1.0
        ],
        [
          -0.019433,
          -1.09884,
          0.041584,
          -0.848016,
          -0.014353,
          0.046053,
          0.99902,
          2.615983,
          -0.999708,
          0.020698,
          -0.015151,
          0.0,
          0.0,
          0.0,
          0.0,
          1.0
        ]
      ]
    },
    {
      "name": "Tentacle1_1.L",
      "time": [
        0.0,
        0.0333,
        0.0667,
        0.1,
        0.1333,
        0.1667,
        0.2,
        0.2333,
        0.2667,
        0.3,
        0.3333,
        0.3667,
        0.4667,
        0.5,
        0.8
      ],
      "transform": [
        [
          0.807046,
          0.649398,
          -0.012256,
          -0.0,
          -0.590473,
          0.887699,
          -0.009666,
          1.057274,
          0.004184,
          0.016541,
          0.999878,
          -0.0,
          0.0,
          0.0,
          0.0,
          1.0
        ],
        [
          0.807046,
          0.649397,
          -0.012256,
          -0.0,
          -0.590473,
          0.8877,
          -0.009665,
          1.057274,
          0.004184,
          0.016541,
          0.999878,
          -0.0,
          0.0,
          0.0,
          0.0,
          1.0
        ],
        [
          0.807047,
          0.649396,
          -0.012256,
          -0.0,
          -0.590472,
          0.8877,
          -0.009665,
          1.057274,
          0.004184,
          0.016541,
          0.999878,
          -0.0,
          0.0,
          0.0,
          0.0,
          1.0
        ],
        [
          0.807047,
          0.649396,
          -0.012256,
          -0.0,
          -0.590472,
          0.8877,
          -0.009665,
          1.057274,
          0.004184,
          0.016541,
          0.999878,
          -0.0,
          0.0,
          0.0,
          0.0,
          1.0
        ],
        [
          0.807047,
          0.649395,
          -0.012256,
          -0.0,
          -0.590471,
          0.887701,
          -0.009665,
          1.057274,
          0.004184,
          0.016541,
          0.999878,
          -0.0,
          0.0,
          0.0,
          0.0,
          1.0
        ],
        [
          0.807047,
          0.649395,
          -0.012255,
          -0.0,
          -0.590471,
          0.887701,
          -0.009665,
          1.057274,
          0.004184,
          0.016541,
          0.999878,
          -0.0,
          0.0,
          0.0,
          0.0,
          1.0
        ],
        [
          0.807048,
          0.649395,
          -0.012255,
          -0.0,
          -0.590471,
          0.887701,
          -0.009665,
          1.057274,
          0.004184,
          0.016541,
          0.999878,
          -0.0,
          0.0,
          0.0,
          0.0,
          1.0
        ],
        [
          0.807048,
          0.649394,
          -0.012255,
          -0.0,
          -0.590471,
          0.887701,
          -0.009665,
          1.057274,
          0.004184,
          0.01654,
          0.999878,
          -0.0,
          0.0,
          0.0,
          0.0,
          1.0
        ],
        [
          0.807048,
          0.649394,
          -0.012255,
          -0.0,
          -0.59047,
          0.887702,
          -0.009665,
          1.057274,
          0.004184,
          0.01654,
          0.999878,
          -0.0,
          0.0,
          0.0,
          0.0,
          1.0
        ],
        [
          0.807049,
          0.649394,
          -0.012255,
          -0.0,
          -0.59047,
          0.887702,
          -0.009665,
          1.057274,
          0.004184,
          0.01654,
          0.999878,
          -0.0,
          0.0,
          0.0,
          0.0,
          1.0
        ],
        [
          0.807049,
          0.649394,
          -0.012255,
          -0.0,
          -0.59047,
          0.887702,
          -0.009665,
          1.057274,
          0.004184,
          0.01654,
          0.999878,
          -0.0,
          0.0,
          0.0,
          0.0,
          1.0
        ],
        [
          0.807049,
          0.649393,
          -0.012255,
          -0.0,
          -0.59047,
          0.887702,
          -0.009665,
          1.057274,
          0.004184,
          0.01654,
          0.999878,
          -0.0,
          0.0,
          0.0,
          0.0,
          1.0
        ],
        [
          0.807049,
          0.649393,
          -0.012255,
          -0.0,
          -0.59047,
          0.887702,
          -0.009665,
          1.057274,
          0.004184,
          0.01654,
          0.999878,
          -0.0,
          0.0,
          0.0,
          0.0,
          1.0
        ],
        [
          0.807049,
          0.649393,
          -0.012255,
          -0.0,
          -0.590469,
          0.887702,
          -0.009665,
          1.057274,
          0.004184,
          0.01654,
          0.999878,
          -0.0,
          0.0,
          0.0,
          0.0,
          1.0
        ],
        [
          0.807049,
          0.649393,
          -0.012255,
          -0.0,
          -0.590469,
          0.887702,
          -0.009665,
          1.057274,
          0.004184,
          0.01654,
          0.999878,
          -0.0,
          0.0,
          0.0,
          0.0,
          1.0
        ]
      ]
    },
    {
      "name": "Tentacle1_2.L",
      "time": [
        0.0,
        0.0333,
        0.0667,
        0.1,
        0.1333,
        0.1667,
        0.2,
        0.2333,
        0.2667,
        0.3,
        0.3333,
        0.3667,
        0.4,
        0.4333,
        0.4667,
        0.5,
        0.5333,
        0.5667,
        0.6,
        0.6333,
        0.8
      ],
      "transform": [
        [
          0.656141,
          0.830005,
          0.011459,
          0.0,
          -0.754629,
          0.721588,
          0.014713,
          1.413427,
          0.003584,
          -0.020131,
          0.999826,
          -0.0,
          0.0,
          0.0,
          0.0,
          1.0
        ],
        [
          0.656142,
          0.830005,
          0.01146,
          0.0,
          -0.754628,
          0.721589,
          0.014713,
          1.413427,
          0.003584,
          -0.020132,
          0.999826,
          -0.0,
          0.0,
          0.0,
          0.0,
          1.0
        ],
        [
          0.656144,
          0.830004,
          0.01146,
          -0.0,
          -0.754627,
          0.721589,
          0.014713,
          1.413428,
          0.003584,
          -0.020132,
          0.999826,
          0.0,
          0.0,
          0.0,
          0.0,
          1.0
        ],
        [
          0.656145,
          0.830003,
          0.01146,
          0.0,
          -0.754627,
          0.72159,
          0.014713,
          1.413427,
          0.003584,
          -0.020132,
          0.999826,
          0.0,
          0.0,
          0.0,
          0.0,
          1.0
        ],
        [
          0.656145,
          0.830002,
          0.01146,
          0.0,
          -0.754626,
          0.721591,
          0.014713,
          1.413427,
          0.003584,
          -0.020132,
          0.999826,
          -0.0,
          0.0,
          0.0,
          0.0,
          1.0
        ],
        [
          0.656146,
          0.830002,
          0.01146,
          0.0,
          -0.754626,
          0.721591,
          0.014713,
          1.413427,
          0.003584,
          -0.020132,
          0.999826,
          -0.0,
          0.0,
          0.0,
          0.0,
          1.0
        ],
        [
          0.656146,
          0.830002,
          0.01146,
          0.0,
          -0.754625,
          0.721591,
          0.014713,
          1.413427,
          0.003584,
          -0.020132,
          0.999826,
          0.0,
          0.0,
          0.0,
          0.0,
          1.0
        ],
        [
          0.656147,
          0.830001,
          0.01146,
          0.0,
          -0.754625,
          0.721591,
          0.014713,
          1.413427,
          0.003584,
          -0.020133,
          0.999826,
          -0.0,
          0.0,
          0.0,
          0.0,
          1.0
        ],
        [
          0.656147,
          0.830001,
          0.01146,
          0.0,
          -0.754625,
          0.721592,
          0.014713,
          1.413427,
          0.003584,
          -0.020133,
          0.999826,
          0.0,
          0.0,
          0.0,
          0.0,
          1.0
        ],
        [
          0.656147,
          0.83,
          0.01146,
          0.0,
          -0.754625,
          0.721592,
          0.014714,
          1.413427,
          0.003584,
          -0.020133,
          0.999826,
          0.0,
          0.0,
          0.0,
          0.0,
          1.0
        ],
        [
          0.656148,
          0.830001,
          0.01146,
          0.0,
          -0.754624,
          0.721592,
          0.014714,
          1.413427,
          0.003584,
          -0.020133,
          0.999826,
          0.0,
          0.0,
          0.0,
          0.0,
          1.0
        ],
        [
          0.656148,
          0.83,
          0.01146,
          -0.0,
          -0.754624,
          0.721592,
          0.014714,
          1.413427,
          0.003584,
          -0.020133,
          0.999826,
          0.0,
          0.0,
          0.0,
          0.0,
          1.0
        ],
        [
          0.656148,
          0.83,
          0.01146,
          0.0,
          -0.754624,
          0.721593,
          0.014714,
          1.413427,
          0.003584,
          -0.020133,
          0.999826,
          1e-06,
          0.0,
          0.0,
          0.0,
          1.0
        ],
        [
          0.656148,
          0.83,
          0.01146,
          0.0,
          -0.754624,
          0.721593,
          0.014714,
          1.413427,
          0.003584,
          -0.020133,
          0.999826,
          0.0,
          0.0,
          0.0,
          0.0,
          1.0
        ],
        [
          0.656148,
          0.83,
          0.01146,
          0.0,
          -0.754624,
          0.721593,
          0.014714,
          1.413427,
          0.003584,
          -0.020133,
          0.999826,
          -0.0,
          0.0,
          0.0,
          0.0,
          1.0
        ],
        [
          0.656149,
          0.83,
          0.01146,
          0.0,
          -0.754624,
          0.721593,
          0.014714,
          1.413427,
          0.003584,
          -0.020133,
          0.999826,
          -0.0,
          0.0,
          0.0,
          0.0,
          1.0
        ],
        [
          0.656149,
          0.83,
          0.01146,
          0.0,
          -0.754624,
          0.721593,
          0.014714,
          1.413427,
          0.003584,
          -0.020133,
          0.999826,
          0.0,
          0.0,
          0.0,
          0.0,
          1.0
        ],
        [
          0.656149,
          0.829999,
          0.01146,
          0.0,
          -0.754624,
          0.721593,
          0.014714,
          1.413427,
          0.003584,
          -0.020133,
          0.999826,
          0.0,
          0.0,
          0.0,
          0.0,
          1.0
        ],
        [
          0.656149,
          0.829999,
          0.01146,
          0.0,
          -0.754624,
          0.721593,
          0.014714,
          1.413427,
          0.003584,
          -0.020133,
          0.999826,
          0.0,
          0.0,
          0.0,
          0.0,
          1.0
        ],
        [
          0.656149,
          0.829999,
          0.011461,
          0.0,
          -0.754623,
          0.721594,
          0.014714,
          1.413427,
          0.003584,
          -0.020133,
          0.999826,
          0.0,
          0.0,
          0.0,
          0.0,
          1.0
        ],
        [
          0.656149,
          0.829999,
          0.011461,
          0.0,
          -0.754623,
          0.721594,
          0.014714,
          1.413427,
          0.003584,
          -0.020133,
          0.999826,
          0.0,
          0.0,
          0.0,
          0.0,
          1.0
        ]
      ]
    },
    {
      "name": "Tentacle1_3.L",
      "time": [
        0.0,
        0.2667,
        0.3,
        0.3333,
        0.6,
        0.6333,
        0.8
      ],
      "transform": [
        [
          0.999996,
          -8e-06,
          -0.002764,
          -0.0,
          0.0,
          1.099996,
          -0.002764,
          1.41333,
          0.002764,
          0.00304,
          0.999992,
          0.0,
          0.0,
          0.0,
          0.0,
          1.0
        ],
        [
          0.999996,
          -8e-06,
          -0.002764,
          -0.0,
          -0.0,
          1.099996,
          -0.002764,
          1.41333,
          0.002764,
          0.00304,
          0.999992,
          -0.0,
          0.0,
          0.0,
          0.0,
          1.0
        ],
        [
          0.999996,
          -8e-06,
          -0.002764,
          -0.0,
          -0.0,
          1.099996,
          -0.002764,
          1.41333,
          0.002764,
          0.00304,
          0.999992,
          1e-06,
          0.0,
          0.0,
          0.0,
          1.0
        ],
        [
          0.999996,
          -8e-06,
          -0.002764,
          0.0,
          -0.0,
          1.099996,
          -0.002764,
          1.41333,
          0.002764,
          0.00304,
          0.999992,
          0.0,
          0.0,
          0.0,
          0.0,
          1.0
        ],
        [
          0.999996,
          -8e-06,
          -0.002764,
          -0.0,
          -0.0,
          1.099996,
          -0.002764,
          1.41333,
          0.002764,
          0.00304,
          0.999992,
          -0.0,
          0.0,
          0.0,
          0.0,
          1.0
        ],
        [
          0.999996,
          -8e-06,
          -0.002764,
          0.0,
          -0.0,
          1.099996,
          -0.002764,
          1.41333,
          0.002764,
          0.00304,
          0.999992,
          1e-06,
          0.0,
          0.0,
          0.0,
          1.0
        ],
        [
          0.999996,
          -8e-06,
          -0.002764,
          0.0,
          -0.0,
          1.099996,
          -0.002764,
          1.41333,
          0.002764,
          0.00304,
          0.999992,
          1e-06,
          0.0,
          0.0,
          0.0,
          1.0
        ]
      ]
    },
    {
      "name": "Tentacle2_0.L",
      "time": [
        0.0,
        0.8
      ],
      "transform": [
        [
          0.610399,
          -0.719238,
          0.331827,
          -0.909962,
          -0.161737,
          0.296925,
          0.941104,
          1.740983,
          -0.775406,
          -0.628118,
          0.064916,
          0.0,
          0.0,
          0.0,
          0.0,
          1.0
        ],
        [
          0.610399,
          -0.719238,
          0.331827,
          -0.909962,
          -0.161737,
          0.296925,
          0.941104,
          1.740983,
          -0.775406,
          -0.628118,
          0.064916,
          0.0,
          0.0,
          0.0,
          0.0,
          1.0
        ]
      ]
    },
    {
      "name": "Tentacle2_1.L",
      "time": [
        0.0,
        0.0333,
        0.0667,
        0.1,
        0.1333,
        0.1667,
        0.2,
        0.2333,
        0.2667,
        0.3,
        0.3333,
        0.3667,
        0.4,
        0.4333,
        0.4667,
        0.5,
        0.5333,
        0.5667,
        0.6,
        0.6333,
        0.6667,
        0.7,
        0.7333,
        0.7667,
        0.8
      ],
      "transform": [
        [
          0.984088,
          0.093767,
          -0.150927,
          0.0,
          -0.026449,
          0.91726,
          0.39741,
          0.995597,
          0.175703,
          -0.387095,
          0.905144,
          -0.0,
          0.0,
          0.0,
          0.0,
          1.0
        ],
        [
          0.984096,
          0.093677,
          -0.150928,
          0.0,
          -0.026368,
          0.917268,
          0.397398,
          0.995597,
          0.175669,
          -0.387098,
          0.90515,
          -0.0,
          0.0,
          0.0,
          0.0,
          1.0
        ],
        [
          0.984103,
          0.0936,
          -0.150929,
          0.0,
          -0.026297,
          0.917274,
          0.397387,
          0.995597,
          0.175639,
          -0.387101,
          0.905154,
          -0.0,
          0.0,
          0.0,
          0.0,
          1.0
        ],
        [
          0.98411,
          0.093533,
          -0.15093,
          0.0,
          -0.026236,
          0.91728,
          0.397378,
          0.995597,
          0.175613,
          -0.387104,
          0.905158,
          -0.0,
          0.0,
          0.0,
          0.0,
          1.0
        ],
        [
          0.984115,
          0.093475,
          -0.150931,
          0.0,
          -0.026183,
          0.917285,
          0.39737,
          0.995597,
          0.175591,
          -0.387106,
          0.905161,
          -0.0,
          0.0,
          0.0,
          0.0,
          1.0
        ],
        [
          0.98412,
          0.093425,
          -0.150932,
          0.0,
          -0.026138,
          0.917289,
          0.397363,
          0.995597,
          0.175572,
          -0.387108,
          0.905164,
          -0.0,
          0.0,
          0.0,
          0.0,
          1.0
        ],
        [
          0.984124,
          0.093381,
          -0.150933,
          0.0,
          -0.026098,
          0.917293,
          0.397357,
          0.995597,
          0.175555,
          -0.387109,
          0.905167,
          -0.0,
          0.0,
          0.0,
          0.0,
          1.0
        ],
        [
          0.984127,
          0.093344,
          -0.150933,
          0.0,
          -0.026064,
          0.917296,
          0.397352,
          0.995597,
          0.175541,
          -0.387111,
          0.905169,
          -0.0,
          0.0,
          0.0,
          0.0,
          1.0
        ],
        [
          0.98413,
          0.093311,
          -0.150933,
          0.0,
          -0.026034,
          0.917299,
          0.397347,
          0.995597,
          0.175528,
          -0.387112,
          0.905171,
          -0.0,
          0.0,
          0.0,
          0.0,
          1.0
        ],
        [
          0.984133,
          0.093284,
          -0.150934,
          0.0,
          -0.026009,
          0.917301,
          0.397344,
          0.995597,
          0.175517,
          -0.387113,
          0.905172,
          -0.0,
          0.0,
          0.0,
          0.0,
          1.0
        ],
        [
          0.984135,
          0.093259,
          -0.150934,
          0.0,
          -0.025987,
          0.917304,
          0.39734,
          0.995597,
          0.175508,
          -0.387114,
          0.905174,
          -0.0,
          0.0,
          0.0,
          0.0,
          1.0
        ],
        [
          0.984137,
          0.093238,
          -0.150935,
          0.0,
          -0.025968,
          0.917305,
          0.397337,
          0.995597,
          0.1755,
          -0.387115,
          0.905175,
          -0.0,
          0.0,
          0.0,
          0.0,
          1.0
        ],
        [
          0.984138,
          0.09322,
          -0.150935,
          0.0,
          -0.025951,
          0.917307,
          0.397335,
          0.995597,
          0.175493,
          -0.387116,
          0.905176,
          -0.0,
          0.0,
          0.0,
          0.0,
          1.0
        ],
        [
          0.98414,
          0.093205,
          -0.150935,
          0.0,
          -0.025937,
          0.917308,
          0.397333,
          0.995597,
          0.175487,
          -0.387116,
          0.905177,
          -0.0,
          0.0,
          0.0,
          0.0,
          1.0
        ],
        [
          0.984141,
          0.093191,
          -0.150935,
          0.0,
          -0.025925,
          0.917309,
          0.397331,
          0.995597,
          0.175482,
          -0.387117,
          0.905178,
          -0.0,
          0.0,
          0.0,
          0.0,
          1.0
        ],
        [
          0.984142,
          0.093179,
          -0.150935,
          0.0,
          -0.025914,
          0.91731,
          0.397329,
          0.995597,
          0.175477,
          -0.387117,
          0.905178,
          -0.0,
          0.0,
          0.0,
          0.0,
          1.0
        ],
        [
          0.984143,
          0.093169,
          -0.150936,
          0.0,
          -0.025905,
          0.917311,
          0.397328,
          0.995597,
          0.175473,
          -0.387118,
          0.905179,
          -0.0,
          0.0,
          0.0,
          0.0,
          1.0
        ],
        [
          0.984144,
          0.09316,
          -0.150936,
          0.0,
          -0.025897,
          0.917312,
          0.397327,
          0.995597,
          0.17547,
          -0.387118,
          0.90518,
          -0.0,
          0.0,
          0.0,
          0.0,
          1.0
        ],
        [
          0.984145,
          0.093153,
          -0.150936,
          0.0,
          -0.02589,
          0.917312,
          0.397326,
          0.995597,
          0.175467,
          -0.387118,
          0.90518,
          -0.0,
          0.0,
          0.0,
          0.0,
          1.0
        ],
        [
          0.984145,
          0.093147,
          -0.150936,
          0.0,
          -0.025884,
          0.917313,
          0.397325,
          0.995597,
          0.175465,
          -0.387118,
          0.905181,
          -0.0,
          0.0,
          0.0,
          0.0,
          1.0
        ],
        [
          0.984146,
          0.093141,
          -0.150936,
          0.0,
          -0.025879,
          0.917314,
          0.397324,
          0.995597,
          0.175463,
          -0.387119,
          0.905181,
          -0.0,
          0.0,
          0.0,
          0.0,
          1.0
        ],
        [
          0.984147,
          0.093136,
          -0.150936,
          0.0,
          -0.025875,
          0.917314,
          0.397323,
          0.995597,
          0.175461,
          -0.387119,
          0.905181,
          -0.0,
          0.0,
          0.0,
          0.0,
          1.0
        ],
        [
          0.984147,
          0.093132,
          -0.150936,
          0.0,
          -0.025871,
          0.917314,
          0.397323,
          0.995597,
          0.175459,
          -0.387119,
          0.905181,
          -0.0,
          0.0,
          0.0,
          0.0,
          1.0
        ],
        [
          0.984147,
          0.093128,
          -0.150936,
          0.0,
          -0.025868,
          0.917314,
          0.397322,
          0.995597,
          0.175458,
          -0.387119,
          0.905181,
          -0.0,
          0.0,
          0.0,
          0.0,
          1.0
        ],
        [
          0.984147,
          0.093125,
          -0.150936,
          0.0,
          -0.025865,
          0.917315,
          0.397322,
          0.995597,
          0.175456,
          -0.387119,
          0.905181,
          -0.0,
          0.0,
          0.0,
          0.0,
          1.0
        ]
      ]
    },
    {
      "name": "Tentacle2_2.L",
      "time": [
        0.0,
        0.0333,
        0.0667,
        0.1,
        0.1333,
        0.1667,
        0.2,
        0.2333,
        0.2667,
        0.3,
        0.3333,
        0.3667,
        0.4,
        0.4333,
        0.4667,
        0.5,
        0.5333,
        0.5667,
        0.6,
        0.6333,
        0.6667,
        0.7,
        0.7333,
        0.7667,
        0.8
      ],
      "transform": [
        [
          0.959423,
          -0.212418,
          -0.185433,
          -0.0,
          0.281787,
          0.698644,
          0.657642,
          1.413075,
          -0.010143,
          -0.68321,
          0.730152,
          -0.0,
          0.0,
          0.0,
          0.0,
          1.0
        ],
        [
          0.959397,
          -0.212545,
          -0.185426,
          -0.0,
          0.281875,
          0.69863,
          0.657619,
          1.413075,
          -0.010229,
          -0.683184,
          0.730175,
          -0.0,
          0.0,
          0.0,
          0.0,
          1.0
        ],
        [
          0.959373,
          -0.212655,
          -0.18542,
          0.0,
          0.281951,
          0.698618,
          0.657599,
          1.413076,
          -0.010304,
          -0.683162,
          0.730194,
          -0.0,
          0.0,
          0.0,
          0.0,
          1.0
        ],
        [
          0.959353,
          -0.21275,
          -0.185415,
          0.0,
          0.282017,
          0.698608,
          0.657581,
          1.413075,
          -0.010368,
          -0.683143,
          0.730211,
          -0.0,
          0.0,
          0.0,
          0.0,
          1.0
        ],
        [
          0.959336,
          -0.212832,
          -0.18541,
          -0.0,
          0.282074,
          0.698599,
          0.657566,
          1.413075,
          -0.010424,
          -0.683126,
          0.730226,
          -0.0,
          0.0,
          0.0,
          0.0,
          1.0
        ],
        [
          0.959321,
          -0.212903,
          -0.185407,
          -0.0,
          0.282123,
          0.698591,
          0.657554,
          1.413075,
          -0.010472,
          -0.683113,
          0.730238,
          0.0,
          0.0,
          0.0,
          0.0,
          1.0
        ],
        [
          0.959308,
          -0.212965,
          -0.185403,
          -0.0,
          0.282166,
          0.698584,
          0.657542,
          1.413075,
          -0.010514,
          -0.6831,
          0.730249,
          -0.0,
          0.0,
          0.0,
          0.0,
          1.0
        ],
        [
          0.959297,
          -0.213018,
          -0.1854,
          0.0,
          0.282202,
          0.698579,
          0.657532,
          1.413075,
          -0.01055,
          -0.683089,
          0.730258,
          -0.0,
          0.0,
          0.0,
          0.0,
          1.0
        ],
        [
          0.959287,
          -0.213063,
          -0.185397,
          -0.0,
          0.282234,
          0.698573,
          0.657525,
          1.413075,
          -0.010581,
          -0.683081,
          0.730266,
          -0.0,
          0.0,
          0.0,
          0.0,
          1.0
        ],
        [
          0.959279,
          -0.213103,
          -0.185395,
          -0.0,
          0.282262,
          0.698569,
          0.657518,
          1.413075,
          -0.010608,
          -0.683073,
          0.730273,
          -0.0,
          0.0,
          0.0,
          0.0,
          1.0
        ],
        [
          0.959271,
          -0.213137,
          -0.185394,
          -0.0,
          0.282286,
          0.698565,
          0.657511,
          1.413075,
          -0.010631,
          -0.683066,
          0.730279,
          0.0,
          0.0,
          0.0,
          0.0,
          1.0
        ],
        [
          0.959265,
          -0.213167,
          -0.185392,
          -0.0,
          0.282306,
          0.698562,
          0.657506,
          1.413075,
          -0.010651,
          -0.68306,
          0.730285,
          -0.0,
          0.0,
          0.0,
          0.0,
          1.0
        ],
        [
          0.95926,
          -0.213193,
          -0.18539,
          -0.0,
          0.282324,
          0.698559,
          0.657502,
          1.413075,
          -0.010668,
          -0.683055,
          0.730289,
          0.0,
          0.0,
          0.0,
          0.0,
          1.0
        ],
        [
          0.959255,
          -0.213215,
          -0.185389,
          0.0,
          0.28234,
          0.698557,
          0.657497,
          1.413075,
          -0.010683,
          -0.683051,
          0.730293,
          -0.0,
          0.0,
          0.0,
          0.0,
          1.0
        ],
        [
          0.959251,
          -0.213234,
          -0.185388,
          0.0,
          0.282353,
          0.698554,
          0.657494,
          1.413075,
          -0.010696,
          -0.683046,
          0.730296,
          -0.0,
          0.0,
          0.0,
          0.0,
          1.0
        ],
        [
          0.959248,
          -0.213251,
          -0.185387,
          -0.0,
          0.282364,
          0.698553,
          0.657491,
          1.413075,
          -0.010707,
          -0.683043,
          0.730299,
          0.0,
          0.0,
          0.0,
          0.0,
          1.0
        ],
        [
          0.959245,
          -0.213265,
          -0.185386,
          -0.0,
          0.282374,
          0.698551,
          0.657488,
          1.413075,
          -0.010717,
          -0.68304,
          0.730302,
          0.0,
          0.0,
          0.0,
          0.0,
          1.0
        ],
        [
          0.959242,
          -0.213277,
          -0.185386,
          0.0,
          0.282383,
          0.69855,
          0.657486,
          1.413075,
          -0.010726,
          -0.683038,
          0.730304,
          -0.0,
          0.0,
          0.0,
          0.0,
          1.0
        ],
        [
          0.95924,
          -0.213288,
          -0.185385,
          -0.0,
          0.28239,
          0.698549,
          0.657484,
          1.413075,
          -0.010733,
          -0.683036,
          0.730306,
          -0.0,
          0.0,
          0.0,
          0.0,
          1.0
        ],
        [
          0.959238,
          -0.213298,
          -0.185385,
          0.0,
          0.282397,
          0.698547,
          0.657482,
          1.413075,
          -0.01074,
          -0.683034,
          0.730308,
          -0.0,
          0.0,
          0.0,
          0.0,
          1.0
        ],
        [
          0.959236,
          -0.213305,
          -0.185384,
          0.0,
          0.282402,
          0.698547,
          0.657481,
          1.413076,
          -0.010745,
          -0.683032,
          0.730309,
          0.0,
          0.0,
          0.0,
          0.0,
          1.0
        ],
        [
          0.959235,
          -0.213312,
          -0.185384,
          -0.0,
          0.282407,
          0.698546,
          0.65748,
          1.413076,
          -0.010749,
          -0.683031,
          0.73031,
          -0.0,
          0.0,
          0.0,
          0.0,
          1.0
        ],
        [
          0.959234,
          -0.213318,
          -0.185384,
          0.0,
          0.282411,
          0.698546,
          0.657479,
          1.413075,
          -0.010753,
          -0.68303,
          0.730311,
          -0.0,
          0.0,
          0.0,
          0.0,
          1.0
        ],
        [
          0.959232,
          -0.213323,
          -0.185383,
          -0.0,
          0.282414,
          0.698545,
          0.657478,
          1.413075,
          -0.010757,
          -0.683029,
          0.730312,
          -0.0,
          0.0,
          0.0,
          0.0,
          1.0
        ],
        [
          0.959231,
          -0.213327,
          -0.185383,
          0.0,
          0.282417,
          0.698544,
          0.657477,
          1.413075,
          -0.01076,
          -0.683028,
          0.730313,
          0.0,
          0.0,
          0.0,
          0.0,
          1.0
        ]
      ]
    },
    {
      "name": "Tentacle2_3.L",
      "time": [
        0.0,
        0.0333,
        0.0667,
        0.1333,
        0.1667,
        0.2,
        0.3,
        0.3333,
        0.4,
        0.4333,
        0.4667,
        0.5,
        0.8
      ],
      "transform": [
        [
          0.988555,
          -0.124882,
          0.084639,
          -0.0,
          0.075957,
          0.896748,
          0.435975,
          1.413327,
          -0.130345,
          -0.424557,
          0.89597,
          0.0,
          0.0,
          0.0,
          0.0,
          1.0
        ],
        [
          0.988555,
          -0.124882,
          0.084639,
          0.0,
          0.075957,
          0.896747,
          0.435975,
          1.413327,
          -0.130345,
          -0.424557,
          0.89597,
          0.0,
          0.0,
          0.0,
          0.0,
          1.0
        ],
        [
          0.988555,
          -0.124882,
          0.084639,
          -0.0,
          0.075957,
          0.896748,
          0.435975,
          1.413327,
          -0.130345,
          -0.424557,
          0.89597,
          -0.0,
          0.0,
          0.0,
          0.0,
          1.0
        ],
        [
          0.988555,
          -0.124882,
          0.084639,
          0.0,
          0.075957,
          0.896748,
          0.435975,
          1.413327,
          -0.130345,
          -0.424557,
          0.89597,
          -0.0,
          0.0,
          0.0,
          0.0,
          1.0
        ],
        [
          0.988555,
          -0.124882,
          0.084639,
          -0.0,
          0.075957,
          0.896748,
          0.435975,
          1.413328,
          -0.130345,
          -0.424557,
          0.89597,
          0.0,
          0.0,
          0.0,
          0.0,
          1.0
        ],
        [
          0.988555,
          -0.124882,
          0.084639,
          -0.0,
          0.075957,
          0.896748,
          0.435975,
          1.413327,
          -0.130345,
          -0.424557,
          0.89597,
          0.0,
          0.0,
          0.0,
          0.0,
          1.0
        ],
        [
          0.988555,
          -0.124882,
          0.084639,
          -0.0,
          0.075957,
          0.896748,
          0.435975,
          1.413327,
          -0.130345,
          -0.424557,
          0.89597,
          0.0,
          0.0,
          0.0,
          0.0,
          1.0
        ],
        [
          0.988555,
          -0.124882,
          0.084639,
          -0.0,
          0.075957,
          0.896747,
          0.435975,
          1.413327,
          -0.130345,
          -0.424557,
          0.89597,
          0.0,
          0.0,
          0.0,
          0.0,
          1.0
        ],
        [
          0.988555,
          -0.124882,
          0.084639,
          -0.0,
          0.075957,
          0.896747,
          0.435975,
          1.413327,
          -0.130345,
          -0.424557,
          0.89597,
          -0.0,
          0.0,
          0.0,
          0.0,
          1.0
        ],
        [
          0.988555,
          -0.124882,
          0.084639,
          0.0,
          0.075957,
          0.896748,
          0.435975,
          1.413327,
          -0.130345,
          -0.424557,
          0.89597,
          0.0,
          0.0,
          0.0,
          0.0,
          1.0
        ],
        [
          0.988555,
          -0.124882,
          0.084639,
          -0.0,
          0.075957,
          0.896747,
          0.435975,
          1.413327,
          -0.130345,
          -0.424557,
          0.89597,
          0.0,
          0.0,
          0.0,
          0.0,
          1.0
        ],
        [
          0.988555,
          -0.124882,
          0.084639,
          -0.0,
          0.075957,
          0.896748,
          0.435975,
          1.413327,
          -0.130345,
          -0.424557,
          0.89597,
          0.0,
          0.0,
          0.0,
          0.0,
          1.0
        ],
        [
          0.988555,
          -0.124882,
          0.084639,
          -0.0,
          0.075957,
          0.896748,
          0.435975,
          1.413327,
          -0.130345,
          -0.424557,
          0.89597,
          0.0,
          0.0,
          0.0,
          0.0,
          1.0
        ]
      ]
    },
    {
      "name": "Tentacle3_0.L",
      "time": [
        0.0,
        0.8
      ],
      "transform": [
        [
          -0.005986,
          -0.69736,
          -0.716696,
          -0.972423,
          -0.008539,
          -0.716647,
          0.697384,
          0.858281,
          -0.999946,
          0.010294,
          -0.001665,
          0.0,
          0.0,
          0.0,
          0.0,
          1.0
        ],
        [
          -0.005986,
          -0.69736,
          -0.716696,
          -0.972423,
          -0.008539,
          -0.716647,
          0.697384,
          0.858281,
          -0.999946,
          0.010294,
          -0.001665,
          0.0,
          0.0,
          0.0,
          0.0,
          1.0
        ]
      ]
    },
    {
      "name": "Tentacle3_1.L",
      "time": [
        0.0,
        0.0333,
        0.0667,
        0.1,
        0.1333,
        0.1667,
        0.2,
        0.2333,
        0.2667,
        0.3,
        0.3333,
        0.3667,
        0.4,
        0.4333,
        0.4667,
        0.5,
        0.5333,
        0.5667,
        0.6,
        0.6333,
        0.6667,
        0.7,
        0.7333,
        0.7667,
        0.8
      ],
      "transform": [
        [
          0.998776,
          0.04944,
          -0.00174,
          -0.0,
          -0.04375,
          0.866309,
          -0.497589,
          1.058051,
          -0.023093,
          0.497056,
          0.867411,
          0.0,
          0.0,
          0.0,
          0.0,
          1.0
        ],
        [
          0.998993,
          0.044837,
          -0.001709,
          -0.0,
          -0.039756,
          0.866837,
          -0.497003,
          1.058051,
          -0.020803,
          0.496571,
          0.867747,
          0.0,
          0.0,
          0.0,
          0.0,
          1.0
        ],
        [
          0.999164,
          0.040858,
          -0.001683,
