{
  "animation": [
    {
      "name": "Root",
      "time": [
        0.0,
        0.8
      ],
      "transform": [
        [
          1.0,
          0.0,
          0.0,
          0.0,
          0.0,
          0.0,
          -1.0,
          0.0,
          0.0,
          1.0,
          0.0,
          0.0,
          0.0,
          0.0,
          0.0,
          1.0
        ],
        [
          1.0,
          0.0,
          0.0,
          0.0,
          0.0,
          0.0,
          -1.0,
          0.0,
          0.0,
          1.0,
          0.0,
          0.0,
          0.0,
          0.0,
          0.0,
          1.0
        ]
      ]
    },
    {
      "name": "Tablet",
      "time": [
        0.0,
        0.8
      ],
      "transform": [
        [
          1.0,
          0.0,
          0.0,
          0.0,
          0.0,
          1.0,
          0.0,
          0.4,
          0.0,
          0.0,
          1.0,
          0.0,
          0.0,
          0.0,
          0.0,
          1.0
        ],
        [
          1.0,
          0.0,
          0.0,
          0.0,
          0.0,
          1.0,
          0.0,
          0.4,
          0.0,
          0.0,
          1.0,
          0.0,
          0.0,
          0.0,
          0.0,
          1.0
        ]
      ]
    },
    {
      "name": "Tentacle1_0.L",
      "time": [
        0.0,
        0.8
      ],
      "transform": [
        [
          -0.019433,
          -1.09884,
          0.041584,
          -0.848016,
          -0.014353,
          0.046053,
          0.99902,
          2.615983,
          -0.999708,
          0.020698,
          -0.015151,
          0.0,
          0.0,
          0.0,
          0.0,
          1.0
        ],
        [
          -0.019433,
          -1.09884,
          0.041584,
          -0.848016,
          -0.014353,
          0.046053,
          0.99902,
          2.615983,
          -0.999708,
          0.020698,
          -0.015151,
          0.0,
          0.0,
          0.0,
          0.0,
          1.0
        ]
      ]
    },
    {
      "name": "Tentacle1_1.L",
      "time": [
        0.0,
        0.0333,
        0.0667,
        0.1,
        0.1333,
        0.1667,
        0.2,
        0.2333,
        0.2667,
        0.3,
        0.3333,
        0.3667,
        0.4,
        0.4333,
        0.4667,
        0.5,
        0.5333,
        0.5667,
        0.6,
        0.6333,
        0.6667,
        0.7,
        0.7333,
        0.7667,
        0.8
      ],
      "transform": [
        [
          0.802819,
          0.655697,
          -0.012938,
          -0.0,
          -0.595216,
          0.883839,
          -0.010576,
          1.057274,
          0.003969,
          0.017995,
          0.999858,
          -0.0,
          0.0,
          0.0,
          0.0,
          1.0
        ],
        [
          0.803394,
          0.654845,
          -0.012845,
          -0.0,
          -0.594574,
          0.884365,
          -0.010452,
          1.057274,
          0.003999,
          0.017798,
          0.999861,
          -0.0,
          0.0,
          0.0,
          0.0,
          1.0
        ],
        [
          0.803891,
          0.654108,
          -0.012765,
          -0.0,
          -0.59402,
          0.884819,
          -0.010346,
          1.057274,
          0.004024,
          0.017627,
          0.999864,
          -0.0,
          0.0,
          0.0,
          0.0,
          1.0
        ],
        [
          0.80432,
          0.65347,
          -0.012696,
          -0.0,
          -0.59354,
          0.885211,
          -0.010254,
          1.057274,
          0.004046,
          0.01748,
          0.999865,
          -0.0,
          0.0,
          0.0,
          0.0,
          1.0
        ],
        [
          0.80469,
          0.652918,
          -0.012636,
          -0.0,
          -0.593124,
          0.885549,
          -0.010174,
          1.057274,
          0.004065,
          0.017352,
          0.999867,
          -0.0,
          0.0,
          0.0,
          0.0,
          1.0
        ],
        [
          0.805011,
          0.652441,
          -0.012584,
          -0.0,
          -0.592765,
          0.885842,
          -0.010105,
          1.057274,
          0.004082,
          0.017242,
          0.999869,
          -0.0,
          0.0,
          0.0,
          0.0,
          1.0
        ],
        [
          0.805287,
          0.652028,
          -0.012539,
          -0.0,
          -0.592454,
          0.886094,
          -0.010045,
          1.057274,
          0.004096,
          0.017147,
          0.99987,
          -0.0,
          0.0,
          0.0,
          0.0,
          1.0
        ],
        [
          0.805526,
          0.651671,
          -0.012501,
          -0.0,
          -0.592185,
          0.886313,
          -0.009994,
          1.057274,
          0.004108,
          0.017065,
          0.999871,
          -0.0,
          0.0,
          0.0,
          0.0,
          1.0
        ],
        [
          0.805733,
          0.651362,
          -0.012467,
          -0.0,
          -0.591953,
          0.886501,
          -0.009949,
          1.057274,
          0.004118,
          0.016994,
          0.999872,
          -0.0,
          0.0,
          0.0,
          0.0,
          1.0
        ],
        [
          0.805912,
          0.651096,
          -0.012439,
          -0.0,
          -0.591752,
          0.886665,
          -0.009911,
          1.057274,
          0.004127,
          0.016932,
          0.999873,
          -0.0,
          0.0,
          0.0,
          0.0,
          1.0
        ],
        [
          0.806066,
          0.650865,
          -0.012414,
          -0.0,
          -0.591578,
          0.886805,
          -0.009877,
          1.057274,
          0.004135,
          0.016879,
          0.999873,
          -0.0,
          0.0,
          0.0,
          0.0,
          1.0
        ],
        [
          0.8062,
          0.650665,
          -0.012392,
          -0.0,
          -0.591428,
          0.886927,
          -0.009848,
          1.057274,
          0.004142,
          0.016833,
          0.999874,
          -0.0,
          0.0,
          0.0,
          0.0,
          1.0
        ],
        [
          0.806315,
          0.650493,
          -0.012374,
          -0.0,
          -0.591298,
          0.887033,
          -0.009824,
          1.057274,
          0.004147,
          0.016793,
          0.999875,
          -0.0,
          0.0,
          0.0,
          0.0,
          1.0
        ],
        [
          0.806415,
          0.650344,
          -0.012358,
          -0.0,
          -0.591186,
          0.887124,
          -0.009802,
          1.057274,
          0.004152,
          0.016759,
          0.999875,
          -0.0,
          0.0,
          0.0,
          0.0,
          1.0
        ],
        [
          0.806501,
          0.650215,
          -0.012344,
          -0.0,
          -0.591089,
          0.887202,
          -0.009783,
          1.057274,
          0.004157,
          0.016729,
          0.999876,
          -0.0,
          0.0,
          0.0,
          0.0,
          1.0
        ],
        [
          0.806575,
          0.650103,
          -0.012332,
          -0.0,
          -0.591005,
          0.88727,
          -0.009767,
          1.057274,
          0.004161,
          0.016704,
          0.999876,
          -0.0,
          0.0,
          0.0,
          0.0,
          1.0
        ],
        [
          0.806639,
          0.650007,
          -0.012321,
          -0.0,
          -0.590932,
          0.887329,
          -0.009753,
          1.057274,
          0.004164,
          0.016681,
          0.999876,
          -0.0,
          0.0,
          0.0,
          0.0,
          1.0
        ],
        [
          0.806695,
          0.649924,
          -0.012312,
          -0.0,
          -0.59087,
          0.887379,
          -0.009741,
          1.057274,
          0.004167,
          0.016662,
          0.999876,
          -0.0,
          0.0,
          0.0,
          0.0,
          1.0
        ],
        [
          0.806743,
          0.649852,
          -0.012305,
          -0.0,
          -0.590815,
          0.887423,
          -0.009731,
          1.057274,
          0.004169,
          0.016646,
          0.999877,
          -0.0,
          0.0,
          0.0,
          0.0,
          1.0
        ],
        [
          0.806785,
          0.64979,
          -0.012298,
          -0.0,
          -0.590768,
          0.887461,
          -0.009722,
          1.057274,
          0.004171,
          0.016631,
          0.999877,
          -0.0,
          0.0,
          0.0,
          0.0,
          1.0
        ],
        [
          0.80682,
          0.649736,
          -0.012292,
          -0.0,
          -0.590728,
          0.887494,
          -0.009714,
          1.057274,
          0.004173,
          0.016619,
          0.999877,
          -0.0,
          0.0,
          0.0,
          0.0,
          1.0
        ],
        [
          0.806851,
          0.649689,
          -0.012287,
          -0.0,
          -0.590692,
          0.887522,
          -0.009707,
          1.057274,
          0.004174,
          0.016608,
          0.999877,
          -0.0,
          0.0,
          0.0,
          0.0,
          1.0
        ],
        [
          0.806879,
          0.649649,
          -0.012283,
          -0.0,
          -0.590662,
          0.887547,
          -0.009702,
          1.057274,
          0.004176,
          0.016599,
          0.999877,
          -0.0,
          0.0,
          0.0,
          0.0,
          1.0
        ],
        [
          0.806901,
          0.649614,
          -0.012279,
          -0.0,
          -0.590636,
          0.887568,
          -0.009697,
          1.057274,
          0.004177,
          0.016591,
          0.999877,
          -0.0,
          0.0,
          0.0,
          0.0,
          1.0
        ],
        [
          0.806922,
          0.649584,
          -0.012276,
          -0.0,
          -0.590613,
          0.887586,
          -0.009692,
          1.057274,
          0.004178,
          0.016584,
          0.999877,
          -0.0,
          0.0,
          0.0,
          0.0,
          1.0
        ]
      ]
    },
    {
      "name": "Tentacle1_2.L",
      "time": [
        0.0,
        0.0333,
        0.0667,
        0.1,
        0.1333,
        0.1667,
        0.2,
        0.2333,
        0.2667,
        0.3,
        0.3333,
        0.3667,
        0.4,
        0.4333,
        0.4667,
        0.5,
        0.5333,
        0.5667,
        0.6,
        0.6333,
        0.6667,
        0.7,
        0.7333,
        0.7667,
        0.8
      ],
      "transform": [
        [
          0.647852,
          0.8367,
          0.010232,
          -0.0,
          -0.760458,
          0.715545,
          0.013636,
          1.413427,
          0.003535,
          -0.018139,
          0.999857,
          0.0,
          0.0,
          0.0,
          0.0,
          1.0
        ],
        [
          0.648955,
          0.835815,
          0.010394,
          0.0,
          -0.759688,
          0.71635,
          0.013777,
          1.413427,
          0.003542,
          -0.018402,
          0.999854,
          -0.0,
          0.0,
          0.0,
          0.0,
          1.0
        ],
        [
          0.649914,
          0.835045,
          0.010535,
          0.0,
          -0.759017,
          0.71705,
          0.0139,
          1.413427,
          0.003549,
          -0.01863,
          0.99985,
          0.0,
          0.0,
          0.0,
          0.0,
          1.0
        ],
        [
          0.650746,
          0.834375,
          0.010658,
          -0.0,
          -0.758433,
          0.717657,
          0.014007,
          1.413427,
          0.003554,
          -0.018829,
          0.999847,
          -0.0,
          0.0,
          0.0,
          0.0,
          1.0
        ],
        [
          0.651469,
          0.833792,
          0.010765,
          -0.0,
          -0.757926,
          0.718184,
          0.014101,
          1.413428,
          0.003558,
          -0.019002,
          0.999844,
          0.0,
          0.0,
          0.0,
          0.0,
          1.0
        ],
        [
          0.652095,
          0.833286,
          0.010857,
          -0.0,
          -0.757486,
          0.718641,
          0.014182,
          1.413427,
          0.003562,
          -0.019153,
          0.999842,
          0.0,
          0.0,
          0.0,
          0.0,
          1.0
        ],
        [
          0.652639,
          0.832847,
          0.010938,
          -0.0,
          -0.757103,
          0.719037,
          0.014253,
          1.413427,
          0.003565,
          -0.019283,
          0.99984,
          -0.0,
          0.0,
          0.0,
          0.0,
          1.0
        ],
        [
          0.65311,
          0.832466,
          0.011008,
          -0.0,
          -0.756772,
          0.71938,
          0.014314,
          1.413427,
          0.003568,
          -0.019397,
          0.999838,
          -0.0,
          0.0,
          0.0,
          0.0,
          1.0
        ],
        [
          0.653519,
          0.832135,
          0.011068,
          0.0,
          -0.756484,
          0.719678,
          0.014368,
          1.413427,
          0.00357,
          -0.019495,
          0.999837,
          0.0,
          0.0,
          0.0,
          0.0,
          1.0
        ],
        [
          0.653872,
          0.831849,
          0.011121,
          -0.0,
          -0.756234,
          0.719936,
          0.014414,
          1.413427,
          0.003572,
          -0.019581,
          0.999835,
          0.0,
          0.0,
          0.0,
          0.0,
          1.0
        ],
        [
          0.654179,
          0.8316,
          0.011167,
          -0.0,
          -0.756017,
          0.720159,
          0.014454,
          1.413427,
          0.003574,
          -0.019655,
          0.999834,
          -0.0,
          0.0,
          0.0,
          0.0,
          1.0
        ],
        [
          0.654444,
          0.831385,
          0.011206,
          -0.0,
          -0.75583,
          0.720353,
          0.014489,
          1.413427,
          0.003575,
          -0.019719,
          0.999833,
          0.0,
          0.0,
          0.0,
          0.0,
          1.0
        ],
        [
          0.654674,
          0.831198,
          0.01124,
          -0.0,
          -0.755668,
          0.72052,
          0.014519,
          1.413427,
          0.003576,
          -0.019775,
          0.999832,
          -0.0,
          0.0,
          0.0,
          0.0,
          1.0
        ],
        [
          0.654873,
          0.831037,
          0.01127,
          0.0,
          -0.755526,
          0.720665,
          0.014545,
          1.413427,
          0.003577,
          -0.019823,
          0.999831,
          0.0,
          0.0,
          0.0,
          0.0,
          1.0
        ],
        [
          0.655046,
          0.830896,
          0.011296,
          0.0,
          -0.755405,
          0.72079,
          0.014568,
          1.413427,
          0.003578,
          -0.019865,
          0.99983,
          0.0,
          0.0,
          0.0,
          0.0,
          1.0
        ],
        [
          0.655195,
          0.830775,
          0.011318,
          -0.0,
          -0.755299,
          0.720899,
          0.014588,
          1.413427,
          0.003579,
          -0.019901,
          0.99983,
          0.0,
          0.0,
          0.0,
          0.0,
          1.0
        ],
        [
          0.655324,
          0.83067,
          0.011337,
          0.0,
          -0.755208,
          0.720993,
          0.014605,
          1.413427,
          0.00358,
          -0.019932,
          0.999829,
          0.0,
          0.0,
          0.0,
          0.0,
          1.0
        ],
        [
          0.655435,
          0.83058,
          0.011354,
          -0.0,
          -0.755129,
          0.721074,
          0.014619,
          1.413427,
          0.00358,
          -0.019959,
          0.999829,
          -0.0,
          0.0,
          0.0,
          0.0,
          1.0
        ],
        [
          0.655532,
          0.830501,
          0.011368,
          -0.0,
          -0.755061,
          0.721144,
          0.014632,
          1.413427,
          0.003581,
          -0.019983,
          0.999828,
          -0.0,
          0.0,
          0.0,
          0.0,
          1.0
        ],
        [
          0.655615,
          0.830433,
          0.011381,
          -0.0,
          -0.755002,
          0.721205,
          0.014643,
          1.413427,
          0.003581,
          -0.020003,
          0.999828,
          -0.0,
          0.0,
          0.0,
          0.0,
          1.0
        ],
        [
          0.655688,
          0.830375,
          0.011392,
          -0.0,
          -0.754951,
          0.721258,
          0.014653,
          1.413427,
          0.003582,
          -0.020021,
          0.999828,
          -1e-06,
          0.0,
          0.0,
          0.0,
          1.0
        ],
        [
          0.65575,
          0.830324,
          0.011401,
          0.0,
          -0.754906,
          0.721303,
          0.014661,
          1.413427,
          0.003582,
          -0.020036,
          0.999828,
          -0.0,
          0.0,
          0.0,
          0.0,
          1.0
        ],
        [
          0.655804,
          0.83028,
          0.011409,
          -0.0,
          -0.754868,
          0.721342,
          0.014668,
          1.413427,
          0.003582,
          -0.020049,
          0.999828,
          0.0,
          0.0,
          0.0,
          0.0,
          1.0
        ],
        [
          0.655851,
          0.830242,
          0.011416,
          0.0,
          -0.754835,
          0.721376,
          0.014674,
          1.413427,
          0.003582,
          -0.02006,
          0.999827,
          -0.0,
          0.0,
          0.0,
          0.0,
          1.0
        ],
        [
          0.655891,
          0.830209,
          0.011422,
          -0.0,
          -0.754806,
          0.721405,
          0.01468,
          1.413428,
          0.003583,
          -0.02007,
          0.999827,
          -0.0,
          0.0,
          0.0,
          0.0,
          1.0
        ]
      ]
    },
    {
      "name": "Tentacle1_3.L",
      "time": [
        0.0,
        0.0333,
        0.0667,
        0.1,
        0.4,
        0.4333,
        0.4667,
        0.5667,
        0.6,
        0.6333,
        0.6667,
        0.7,
        0.7333,
        0.7667,
        0.8
      ],
      "transform": [
        [
          0.999996,
          -8e-06,
          -0.002764,
          0.0,
          -0.0,
          1.099996,
          -0.002764,
          1.41333,
          0.002764,
          0.00304,
          0.999992,
          0.0,
          0.0,
          0.0,
          0.0,
          1.0
        ],
        [
          0.999996,
          -8e-06,
          -0.002764,
          0.0,
          -0.0,
          1.099996,
          -0.002764,
          1.41333,
          0.002764,
          0.00304,
          0.999992,
          0.0,
          0.0,
          0.0,
          0.0,
          1.0
        ],
        [
          0.999996,
          -8e-06,
          -0.002764,
          -0.0,
          -0.0,
          1.099996,
          -0.002764,
          1.41333,
          0.002764,
          0.00304,
          0.999992,
          1e-06,
          0.0,
          0.0,
          0.0,
          1.0
        ],
        [
          0.999996,
          -8e-06,
          -0.002764,
          -0.0,
          -0.0,
          1.099996,
          -0.002764,
          1.41333,
          0.002764,
          0.00304,
          0.999992,
          -0.0,
          0.0,
          0.0,
          0.0,
          1.0
        ],
        [
          0.999996,
          -8e-06,
          -0.002764,
          -0.0,
          -0.0,
          1.099996,
          -0.002764,
          1.41333,
          0.002764,
          0.00304,
          0.999992,
          -0.0,
          0.0,
          0.0,
          0.0,
          1.0
        ],
        [
          0.999996,
          -8e-06,
          -0.002764,
          0.0,
          -0.0,
          1.099996,
          -0.002764,
          1.413331,
          0.002764,
          0.00304,
          0.999992,
          0.0,
          0.0,
          0.0,
          0.0,
          1.0
        ],
        [
          0.999996,
          -8e-06,
          -0.002764,
          0.0,
          -0.0,
          1.099996,
          -0.002764,
          1.41333,
          0.002764,
          0.00304,
          0.999992,
          -0.0,
          0.0,
          0.0,
          0.0,
          1.0
        ],
        [
          0.999996,
          -8e-06,
          -0.002764,
          -0.0,
          -0.0,
          1.099996,
          -0.002764,
          1.41333,
          0.002764,
          0.00304,
          0.999992,
          0.0,
          0.0,
          0.0,
          0.0,
          1.0
        ],
        [
          0.999996,
          -8e-06,
          -0.002764,
          0.0,
          0.0,
          1.099996,
          -0.002764,
          1.41333,
          0.002764,
          0.00304,
          0.999993,
          0.0,
          0.0,
          0.0,
          0.0,
          1.0
        ],
        [
          0.999996,
          -8e-06,
          -0.002764,
          -0.0,
          -0.0,
          1.099996,
          -0.002764,
          1.41333,
          0.002764,
          0.00304,
          0.999992,
          -0.0,
          0.0,
          0.0,
          0.0,
          1.0
        ],
        [
          0.999996,
          -8e-06,
          -0.002764,
          0.0,
          -0.0,
          1.099996,
          -0.002764,
          1.41333,
          0.002764,
          0.00304,
          0.999992,
          0.0,
          0.0,
          0.0,
          0.0,
          1.0
        ],
        [
          0.999996,
          -8e-06,
          -0.002764,
          0.0,
          -0.0,
          1.099996,
          -0.002764,
          1.413331,
          0.002764,
          0.00304,
          0.999993,
          1e-06,
          0.0,
          0.0,
          0.0,
          1.0
        ],
        [
          0.999996,
          -8e-06,
          -0.002764,
          -0.0,
          0.0,
          1.099996,
          -0.002764,
          1.41333,
          0.002764,
          0.00304,
          0.999992,
          0.0,
          0.0,
          0.0,
          0.0,
          1.0
        ],
        [
          0.999996,
          -8e-06,
          -0.002764,
          0.0,
          -0.0,
          1.099996,
          -0.002764,
          1.41333,
          0.002764,
          0.00304,
          0.999992,
          -1e-06,
          0.0,
          0.0,
          0.0,
          1.0
        ],
        [
          0.999996,
          -8e-06,
          -0.002764,
          -0.0,
          0.0,
          1.099996,
          -0.002764,
          1.41333,
          0.002764,
          0.00304,
          0.999992,
          0.0,
          0.0,
          0.0,
          0.0,
          1.0
        ]
      ]
    },
    {
      "name": "Tentacle2_0.L",
      "time": [
        0.0,
        0.8
      ],
      "transform": [
        [
          0.610399,
          -0.719238,
          0.331827,
          -0.909962,
          -0.161737,
          0.296925,
          0.941104,
          1.740983,
          -0.775406,
          -0.628118,
          0.064916,
          0.0,
          0.0,
          0.0,
          0.0,
          1.0
        ],
        [
          0.610399,
          -0.719238,
          0.331827,
          -0.909962,
          -0.161737,
          0.296925,
          0.941104,
          1.740983,
          -0.775406,
          -0.628118,
          0.064916,
          0.0,
          0.0,
          0.0,
          0.0,
          1.0
        ]
      ]
    },
    {
      "name": "Tentacle2_1.L",
      "time": [
        0.0,
        0.0333,
        0.0667,
        0.1,
        0.1333,
        0.1667,
        0.2,
        0.2333,
        0.2667,
        0.3,
        0.3333,
        0.3667,
        0.4,
        0.4333,
        0.4667,
        0.5,
        0.5333,
        0.5667,
        0.6,
        0.6333,
        0.6667,
        0.7,
        0.7333,
        0.7667,
        0.8
      ],
      "transform": [
        [
          0.678023,
          0.727608,
          -0.104264,
          0.0,
          -0.603833,
          0.632244,
          0.48544,
          0.995597,
          0.41913,
          -0.266182,
          0.86803,
          -0.0,
          0.0,
          0.0,
          0.0,
          1.0
        ],
        [
          0.745045,
          0.657117,
          -0.114482,
          0.0,
          -0.539609,
          0.694681,
          0.475649,
          0.995597,
          0.392085,
          -0.292604,
          0.872154,
          -0.0,
          0.0,
          0.0,
          0.0,
          1.0
        ],
        [
          0.797257,
          0.591091,
          -0.122442,
          0.0,
          -0.479458,
          0.743316,
          0.466478,
          0.995597,
          0.366744,
          -0.313197,
          0.876018,
          -0.0,
          0.0,
          0.0,
          0.0,
          1.0
        ],
        [
          0.837809,
          0.530596,
          -0.128625,
          0.0,
          -0.424347,
          0.781087,
          0.458075,
          0.995597,
          0.34352,
          -0.329198,
          0.879558,
          -0.0,
          0.0,
          0.0,
          0.0,
          1.0
        ],
        [
          0.869262,
          0.476007,
          -0.13342,
          0.0,
          -0.374618,
          0.810381,
          0.450494,
          0.995597,
          0.322559,
          -0.341615,
          0.882754,
          -0.0,
          0.0,
          0.0,
          0.0,
          1.0
        ],
        [
          0.893658,
          0.42728,
          -0.13714,
          0.0,
          -0.330232,
          0.8331,
          0.443726,
          0.995597,
          0.303847,
          -0.351252,
          0.885607,
          -0.0,
          0.0,
          0.0,
          0.0,
          1.0
        ],
        [
          0.9126,
          0.384128,
          -0.140028,
          0.0,
          -0.290924,
          0.850737,
          0.437733,
          0.995597,
          0.287272,
          -0.358738,
          0.888134,
          -0.0,
          0.0,
          0.0,
          0.0,
          1.0
        ],
        [
          0.927335,
          0.346134,
          -0.142274,
          0.0,
          -0.256315,
          0.864456,
          0.432457,
          0.995597,
          0.272678,
          -0.364565,
          0.890359,
          -0.0,
          0.0,
          0.0,
          0.0,
          1.0
        ],
        [
          0.938828,
          0.312824,
          -0.144027,
          0.0,
          -0.225974,
          0.875155,
          0.427831,
          0.995597,
          0.259881,
          -0.369114,
          0.89231,
          -0.0,
          0.0,
          0.0,
          0.0,
          1.0
        ],
        [
          0.947822,
          0.283715,
          -0.145398,
          0.0,
          -0.19946,
          0.883527,
          0.423789,
          0.995597,
          0.248698,
          -0.372675,
          0.894015,
          -0.0,
          0.0,
          0.0,
          0.0,
          1.0
        ],
        [
          0.954885,
          0.25834,
          -0.146475,
          0.0,
          -0.176347,
          0.890101,
          0.420265,
          0.995597,
          0.238949,
          -0.375474,
          0.895501,
          -0.0,
          0.0,
          0.0,
          0.0,
          1.0
        ],
        [
          0.960457,
          0.23626,
          -0.147324,
          0.0,
          -0.156235,
          0.895285,
          0.417198,
          0.995597,
          0.230464,
          -0.377684,
          0.896795,
          -0.0,
          0.0,
          0.0,
          0.0,
          1.0
        ],
        [
          0.964871,
          0.217075,
          -0.147997,
          0.0,
          -0.13876,
          0.899393,
          0.414534,
          0.995597,
          0.223092,
          -0.379436,
          0.897919,
          -0.0,
          0.0,
          0.0,
          0.0,
          1.0
        ],
        [
          0.968385,
          0.200422,
          -0.148533,
          0.0,
          -0.123593,
          0.902662,
          0.412222,
          0.995597,
          0.216693,
          -0.380832,
          0.898894,
          -0.0,
          0.0,
          0.0,
          0.0,
          1.0
        ],
        [
          0.971196,
          0.185981,
          -0.148961,
          0.0,
          -0.110439,
          0.905277,
          0.410216,
          0.995597,
          0.211144,
          -0.381949,
          0.899741,
          -0.0,
          0.0,
          0.0,
          0.0,
          1.0
        ],
        [
          0.973457,
          0.173466,
          -0.149306,
          0.0,
          -0.09904,
          0.907379,
          0.408478,
          0.995597,
          0.206334,
          -0.382849,
          0.900474,
          -0.0,
          0.0,
          0.0,
          0.0,
          1.0
        ],
        [
          0.975283,
          0.162625,
          -0.149585,
          0.0,
          -0.089165,
          0.909078,
          0.406973,
          0.995597,
          0.202168,
          -0.383576,
          0.901109,
          -0.0,
          0.0,
          0.0,
          0.0,
          1.0
        ],
        [
          0.976768,
          0.153238,
          -0.149811,
          0.0,
          -0.080616,
          0.910458,
          0.405669,
          0.995597,
          0.19856,
          -0.384167,
          0.901659,
          -0.0,
          0.0,
          0.0,
          0.0,
          1.0
        ],
        [
          0.977979,
          0.145112,
          -0.149996,
          0.0,
          -0.073215,
          0.911584,
          0.404541,
          0.995597,
          0.195438,
          -0.384651,
          0.902135,
          -0.0,
          0.0,
          0.0,
          0.0,
          1.0
        ],
        [
          0.978974,
          0.138081,
          -0.150147,
          0.0,
          -0.066811,
          0.912509,
          0.403564,
          0.995597,
          0.192735,
          -0.385048,
          0.902547,
          -0.0,
          0.0,
          0.0,
          0.0,
          1.0
        ],
        [
          0.979794,
          0.131997,
          -0.150272,
          0.0,
          -0.061269,
          0.913271,
          0.40272,
          0.995597,
          0.190397,
          -0.385375,
          0.902904,
          -0.0,
          0.0,
          0.0,
          0.0,
          1.0
        ],
        [
          0.980472,
          0.126734,
          -0.150376,
          0.0,
          -0.056476,
          0.913901,
          0.401989,
          0.995597,
          0.188374,
          -0.385646,
          0.903212,
          -0.0,
          0.0,
          0.0,
          0.0,
          1.0
        ],
        [
          0.981036,
          0.122182,
          -0.150462,
          0.0,
          -0.05233,
          0.914426,
          0.401357,
          0.995597,
          0.186625,
          -0.385872,
          0.903479,
          -0.0,
          0.0,
          0.0,
          0.0,
          1.0
        ],
        [
          0.981508,
          0.118245,
          -0.150534,
          0.0,
          -0.048744,
          0.914864,
          0.40081,
          0.995597,
          0.185111,
          -0.386061,
          0.90371,
          -0.0,
          0.0,
          0.0,
          0.0,
          1.0
        ],
        [
          0.981896,
          0.114852,
          -0.150594,
          0.0,
          -0.045655,
          0.915225,
          0.400335,
          0.995597,
          0.183806,
          -0.386213,
          0.90391,
          -0.0,
          0.0,
          0.0,
          0.0,
          1.0
        ]
      ]
    },
    {
      "name": "Tentacle2_2.L",
      "time": [
        0.0,
        0.0333,
        0.0667,
        0.1,
        0.1333,
        0.1667,
        0.2,
        0.2333,
        0.2667,
        0.3,
        0.3333,
        0.3667,
        0.4,
        0.4333,
        0.4667,
        0.5,
        0.5333,
        0.5667,
        0.6,
        0.6333,
        0.6667,
        0.7,
        0.7333,
        0.7667,
        0.8
      ],
      "transform": [
        [
          0.93361,
          0.306266,
          -0.18594,
          -0.0,
          -0.117444,
          0.751884,
          0.648751,
          1.413075,
          0.338495,
          -0.583842,
          0.737936,
          -0.0,
          0.0,
          0.0,
          0.0,
          1.0
        ],
        [
          0.9388,
          0.291678,
          -0.183244,
          -0.0,
          -0.085649,
          0.712922,
          0.695994,
          1.413075,
          0.333644,
          -0.637704,
          0.694272,
          -0.0,
          0.0,
          0.0,
          0.0,
          1.0
        ],
        [
          0.947156,
          0.263415,
          -0.18305,
          0.0,
          -0.052269,
          0.689766,
          0.722143,
          1.413075,
          0.316485,
          -0.674415,
          0.667085,
          -0.0,
          0.0,
          0.0,
          0.0,
          1.0
        ],
        [
          0.955908,
          0.228449,
          -0.184531,
          0.0,
          -0.020084,
          0.677752,
          0.735016,
          1.413075,
          0.29298,
          -0.698902,
          0.652456,
          0.0,
          0.0,
          0.0,
          0.0,
          1.0
        ],
        [
          0.963697,
          0.190844,
          -0.186728,
          -0.0,
          0.01001,
          0.673042,
          0.739536,
          1.413075,
          0.266812,
          -0.714558,
          0.646698,
          -0.0,
          0.0,
          0.0,
          0.0,
          1.0
        ],
        [
          0.969993,
          0.15299,
          -0.188964,
          0.0,
          0.037818,
          0.672807,
          0.73885,
          1.413075,
          0.240173,
          -0.723826,
          0.646832,
          -0.0,
          0.0,
          0.0,
          0.0,
          1.0
        ],
        [
          0.974704,
          0.116293,
          -0.190861,
          0.0,
          0.063381,
          0.675082,
          0.735015,
          1.413075,
          0.214324,
          -0.728519,
          0.650634,
          0.0,
          0.0,
          0.0,
          0.0,
          1.0
        ],
        [
          0.977948,
          0.081562,
          -0.192265,
          -0.0,
          0.086806,
          0.678563,
          0.729395,
          1.413075,
          0.189954,
          -0.73,
          0.656519,
          -0.0,
          0.0,
          0.0,
          0.0,
          1.0
        ],
        [
          0.979932,
          0.049235,
          -0.193157,
          0.0,
          0.108205,
          0.682427,
          0.7229,
          1.413075,
          0.167408,
          -0.729293,
          0.663404,
          -0.0,
          0.0,
          0.0,
          0.0,
          1.0
        ],
        [
          0.980888,
          0.019516,
          -0.193593,
          0.0,
          0.127687,
          0.686186,
          0.716132,
          1.413075,
          0.146817,
          -0.727165,
          0.670579,
          -0.0,
          0.0,
          0.0,
          0.0,
          1.0
        ],
        [
          0.98104,
          -0.007544,
          -0.193658,
          -0.0,
          0.145354,
          0.689574,
          0.709479,
          1.413075,
          0.128189,
          -0.724176,
          0.677596,
          0.0,
          0.0,
          0.0,
          0.0,
          1.0
        ],
        [
          0.98059,
          -0.031994,
          -0.193443,
          0.0,
          0.161311,
          0.692474,
          0.703178,
          1.413075,
          0.111457,
          -0.720733,
          0.684193,
          0.0,
          0.0,
          0.0,
          0.0,
          1.0
        ],
        [
          0.979708,
          -0.053945,
          -0.193034,
          0.0,
          0.175664,
          0.694856,
          0.697364,
          1.413075,
          0.096511,
          -0.717122,
          0.690233,
          -0.0,
          0.0,
          0.0,
          0.0,
          1.0
        ],
        [
          0.978537,
          -0.073549,
          -0.192502,
          -0.0,
          0.188522,
          0.696747,
          0.692101,
          1.413075,
          0.083222,
          -0.713537,
          0.695658,
          0.0,
          0.0,
          0.0,
          0.0,
          1.0
        ],
        [
          0.977188,
          -0.090978,
          -0.191903,
          0.0,
          0.199998,
          0.698196,
          0.687403,
          1.413075,
          0.071447,
          -0.710102,
          0.700464,
          0.0,
          0.0,
          0.0,
          0.0,
          1.0
        ],
        [
          0.97575,
          -0.106414,
          -0.19128,
          0.0,
          0.210202,
          0.699268,
          0.683257,
          1.413075,
          0.061048,
          -0.706895,
          0.704679,
          0.0,
          0.0,
          0.0,
          0.0,
          1.0
        ],
        [
          0.974289,
          -0.120037,
          -0.190663,
          0.0,
          0.219246,
          0.700027,
          0.679628,
          1.413075,
          0.051888,
          -0.703956,
          0.708345,
          0.0,
          0.0,
          0.0,
          0.0,
          1.0
        ],
        [
          0.972852,
          -0.132031,
          -0.190072,
          -0.0,
          0.22724,
          0.700533,
          0.676473,
          1.413075,
          0.043837,
          -0.7013,
          0.711518,
          -0.0,
          0.0,
          0.0,
          0.0,
          1.0
        ],
        [
          0.971473,
          -0.14256,
          -0.18952,
          0.0,
          0.234284,
          0.700842,
          0.673744,
          1.413075,
          0.036775,
          -0.698926,
          0.714248,
          -0.0,
          0.0,
          0.0,
          0.0,
          1.0
        ],
        [
          0.970173,
          -0.151785,
          -0.189014,
          0.0,
          0.240477,
          0.701,
          0.671394,
          1.413076,
          0.030591,
          -0.696822,
          0.716592,
          0.0,
          0.0,
          0.0,
          0.0,
          1.0
        ],
        [
          0.968965,
          -0.159853,
          -0.188556,
          -0.0,
          0.24591,
          0.701044,
          0.669376,
          1.413075,
          0.025184,
          -0.69497,
          0.718597,
          0.0,
          0.0,
          0.0,
          0.0,
          1.0
        ],
        [
          0.967857,
          -0.166897,
          -0.188146,
          -0.0,
          0.250669,
          0.701008,
          0.667648,
          1.413075,
          0.020464,
          -0.69335,
          0.720311,
          0.0,
          0.0,
          0.0,
          0.0,
          1.0
        ],
        [
          0.966848,
          -0.173039,
