{
  "animation": [
    {
      "name": "Root",
      "time": [
        0.0,
        0.0333,
        0.0667,
        0.1,
        0.1333,
        0.1667,
        0.2,
        0.2333,
        0.2667,
        0.3,
        0.3333,
        0.3667,
        0.4,
        0.4333,
        0.4667,
        0.5,
        0.5333
      ],
      "transform": [
        [
          1.0,
          0.0,
          0.0,
          0.0,
          0.0,
          0.0,
          -1.0,
          0.0,
          0.0,
          1.0,
          0.0,
          0.0,
          0.0,
          0.0,
          0.0,
          1.0
        ],
        [
          1.0,
          0.0,
          0.0,
          0.0,
          0.0,
          0.0,
          -1.0,
          0.0,
          0.0,
          1.0,
          0.0,
          0.0,
          0.0,
          0.0,
          0.0,
          1.0
        ],
        [
          1.0,
          0.0,
          0.0,
          0.0,
          0.0,
          0.0,
          -1.0,
          0.0,
          0.0,
          1.0,
          0.0,
          0.0,
          0.0,
          0.0,
          0.0,
          1.0
        ],
        [
          1.0,
          0.0,
          0.0,
          0.0,
          0.0,
          0.0,
          -1.0,
          0.0,
          0.0,
          1.0,
          0.0,
          0.0,
          0.0,
          0.0,
          0.0,
          1.0
        ],
        [
          1.0,
          0.0,
          0.0,
          0.0,
          0.0,
          0.0,
          -1.0,
          0.0,
          0.0,
          1.0,
          0.0,
          0.0,
          0.0,
          0.0,
          0.0,
          1.0
        ],
        [
          1.0,
          0.0,
          0.0,
          0.0,
          0.0,
          0.0,
          -1.0,
          0.0,
          0.0,
          1.0,
          0.0,
          0.0,
          0.0,
          0.0,
          0.0,
          1.0
        ],
        [
          1.0,
          0.0,
          0.0,
          0.0,
          0.0,
          0.0,
          -1.0,
          0.0,
          0.0,
          1.0,
          0.0,
          0.0,
          0.0,
          0.0,
          0.0,
          1.0
        ],
        [
          1.0,
          0.0,
          0.0,
          0.0,
          0.0,
          0.0,
          -1.0,
          0.0,
          0.0,
          1.0,
          0.0,
          0.0,
          0.0,
          0.0,
          0.0,
          1.0
        ],
        [
          1.0,
          0.0,
          0.0,
          0.0,
          0.0,
          0.0,
          -1.0,
          0.0,
          0.0,
          1.0,
          0.0,
          0.0,
          0.0,
          0.0,
          0.0,
          1.0
        ],
        [
          1.0,
          0.0,
          0.0,
          0.0,
          0.0,
          0.0,
          -1.0,
          0.0,
          0.0,
          1.0,
          0.0,
          0.0,
          0.0,
          0.0,
          0.0,
          1.0
        ],
        [
          1.0,
          0.0,
          0.0,
          0.0,
          0.0,
          0.0,
          -1.0,
          0.0,
          0.0,
          1.0,
          0.0,
          0.0,
          0.0,
          0.0,
          0.0,
          1.0
        ],
        [
          1.0,
          0.0,
          0.0,
          0.0,
          0.0,
          0.0,
          -1.0,
          0.0,
          0.0,
          1.0,
          0.0,
          0.0,
          0.0,
          0.0,
          0.0,
          1.0
        ],
        [
          1.0,
          0.0,
          0.0,
          0.0,
          0.0,
          0.0,
          -1.0,
          0.0,
          0.0,
          1.0,
          0.0,
          0.0,
          0.0,
          0.0,
          0.0,
          1.0
        ],
        [
          1.0,
          0.0,
          0.0,
          0.0,
          0.0,
          0.0,
          -1.0,
          0.0,
          0.0,
          1.0,
          0.0,
          0.0,
          0.0,
          0.0,
          0.0,
          1.0
        ],
        [
          1.0,
          0.0,
          0.0,
          0.0,
          0.0,
          0.0,
          -1.0,
          0.0,
          0.0,
          1.0,
          0.0,
          0.0,
          0.0,
          0.0,
          0.0,
          1.0
        ],
        [
          1.0,
          0.0,
          0.0,
          0.0,
          0.0,
          0.0,
          -1.0,
          0.0,
          0.0,
          1.0,
          0.0,
          0.0,
          0.0,
          0.0,
          0.0,
          1.0
        ],
        [
          1.0,
          0.0,
          0.0,
          0.0,
          0.0,
          0.0,
          -1.0,
          0.0,
          0.0,
          1.0,
          0.0,
          0.0,
          0.0,
          0.0,
          0.0,
          1.0
        ]
      ]
    },
    {
      "name": "Tablet",
      "time": [
        0.0,
        0.0333,
        0.0667,
        0.1,
        0.1333,
        0.1667,
        0.2,
        0.2333,
        0.2667,
        0.3,
        0.3333,
        0.3667,
        0.4,
        0.4333,
        0.4667,
        0.5,
        0.5333
      ],
      "transform": [
        [
          1.0,
          0.0,
          0.0,
          0.0,
          0.0,
          1.0,
          0.0,
          0.4,
          0.0,
          0.0,
          1.0,
          0.0,
          0.0,
          0.0,
          0.0,
          1.0
        ],
        [
          1.0,
          0.0,
          0.0,
          0.0,
          0.0,
          1.0,
          0.0,
          0.4,
          0.0,
          0.0,
          1.0,
          0.0,
          0.0,
          0.0,
          0.0,
          1.0
        ],
        [
          1.0,
          0.0,
          0.0,
          0.0,
          0.0,
          1.0,
          0.0,
          0.4,
          0.0,
          0.0,
          1.0,
          0.0,
          0.0,
          0.0,
          0.0,
          1.0
        ],
        [
          1.0,
          0.0,
          0.0,
          0.0,
          0.0,
          1.0,
          0.0,
          0.4,
          0.0,
          0.0,
          1.0,
          0.0,
          0.0,
          0.0,
          0.0,
          1.0
        ],
        [
          1.0,
          0.0,
          0.0,
          0.0,
          0.0,
          1.0,
          0.0,
          0.4,
          0.0,
          0.0,
          1.0,
          0.0,
          0.0,
          0.0,
          0.0,
          1.0
        ],
        [
          1.0,
          0.0,
          0.0,
          0.0,
          0.0,
          1.0,
          0.0,
          0.4,
          0.0,
          0.0,
          1.0,
          0.0,
          0.0,
          0.0,
          0.0,
          1.0
        ],
        [
          1.0,
          0.0,
          0.0,
          0.0,
          0.0,
          1.0,
          0.0,
          0.4,
          0.0,
          0.0,
          1.0,
          0.0,
          0.0,
          0.0,
          0.0,
          1.0
        ],
        [
          1.0,
          0.0,
          0.0,
          0.0,
          0.0,
          1.0,
          0.0,
          0.4,
          0.0,
          0.0,
          1.0,
          0.0,
          0.0,
          0.0,
          0.0,
          1.0
        ],
        [
          1.0,
          0.0,
          0.0,
          0.0,
          0.0,
          1.0,
          0.0,
          0.4,
          0.0,
          0.0,
          1.0,
          0.0,
          0.0,
          0.0,
          0.0,
          1.0
        ],
        [
          1.0,
          0.0,
          0.0,
          0.0,
          0.0,
          1.0,
          0.0,
          0.4,
          0.0,
          0.0,
          1.0,
          0.0,
          0.0,
          0.0,
          0.0,
          1.0
        ],
        [
          1.0,
          0.0,
          0.0,
          0.0,
          0.0,
          1.0,
          0.0,
          0.4,
          0.0,
          0.0,
          1.0,
          0.0,
          0.0,
          0.0,
          0.0,
          1.0
        ],
        [
          1.0,
          0.0,
          0.0,
          0.0,
          0.0,
          1.0,
          0.0,
          0.4,
          0.0,
          0.0,
          1.0,
          0.0,
          0.0,
          0.0,
          0.0,
          1.0
        ],
        [
          1.0,
          0.0,
          0.0,
          0.0,
          0.0,
          1.0,
          0.0,
          0.4,
          0.0,
          0.0,
          1.0,
          0.0,
          0.0,
          0.0,
          0.0,
          1.0
        ],
        [
          1.0,
          0.0,
          0.0,
          0.0,
          0.0,
          1.0,
          0.0,
          0.4,
          0.0,
          0.0,
          1.0,
          0.0,
          0.0,
          0.0,
          0.0,
          1.0
        ],
        [
          1.0,
          0.0,
          0.0,
          0.0,
          0.0,
          1.0,
          0.0,
          0.4,
          0.0,
          0.0,
          1.0,
          0.0,
          0.0,
          0.0,
          0.0,
          1.0
        ],
        [
          1.0,
          0.0,
          0.0,
          0.0,
          0.0,
          1.0,
          0.0,
          0.4,
          0.0,
          0.0,
          1.0,
          0.0,
          0.0,
          0.0,
          0.0,
          1.0
        ],
        [
          1.0,
          0.0,
          0.0,
          0.0,
          0.0,
          1.0,
          0.0,
          0.4,
          0.0,
          0.0,
          1.0,
          0.0,
          0.0,
          0.0,
          0.0,
          1.0
        ]
      ]
    },
    {
      "name": "Tentacle1_0.L",
      "time": [
        0.0,
        0.0333,
        0.0667,
        0.1,
        0.1333,
        0.1667,
        0.2,
        0.2333,
        0.2667,
        0.3,
        0.3333,
        0.3667,
        0.4,
        0.4333,
        0.4667,
        0.5,
        0.5333
      ],
      "transform": [
        [
          0.0,
          -1.0,
          0.0,
          -0.848016,
          -0.0,
          0.0,
          1.0,
          2.615983,
          -1.0,
          0.0,
          -0.0,
          0.0,
          0.0,
          0.0,
          0.0,
          1.0
        ],
        [
          0.0,
          -1.0,
          0.0,
          -0.848016,
          -0.0,
          0.0,
          1.0,
          2.615983,
          -1.0,
          0.0,
          -0.0,
          0.0,
          0.0,
          0.0,
          0.0,
          1.0
        ],
        [
          0.0,
          -1.0,
          0.0,
          -0.848016,
          -0.0,
          0.0,
          1.0,
          2.615983,
          -1.0,
          0.0,
          -0.0,
          0.0,
          0.0,
          0.0,
          0.0,
          1.0
        ],
        [
          0.0,
          -1.0,
          0.0,
          -0.848016,
          -0.0,
          0.0,
          1.0,
          2.615983,
          -1.0,
          0.0,
          -0.0,
          0.0,
          0.0,
          0.0,
          0.0,
          1.0
        ],
        [
          0.0,
          -1.0,
          0.0,
          -0.848016,
          -0.0,
          0.0,
          1.0,
          2.615983,
          -1.0,
          0.0,
          -0.0,
          0.0,
          0.0,
          0.0,
          0.0,
          1.0
        ],
        [
          0.0,
          -1.0,
          0.0,
          -0.848016,
          -0.0,
          0.0,
          1.0,
          2.615983,
          -1.0,
          0.0,
          -0.0,
          0.0,
          0.0,
          0.0,
          0.0,
          1.0
        ],
        [
          0.0,
          -1.0,
          0.0,
          -0.848016,
          -0.0,
          0.0,
          1.0,
          2.615983,
          -1.0,
          0.0,
          -0.0,
          0.0,
          0.0,
          0.0,
          0.0,
          1.0
        ],
        [
          0.0,
          -1.0,
          0.0,
          -0.848016,
          -0.0,
          0.0,
          1.0,
          2.615983,
          -1.0,
          0.0,
          -0.0,
          0.0,
          0.0,
          0.0,
          0.0,
          1.0
        ],
        [
          0.0,
          -1.0,
          0.0,
          -0.848016,
          -0.0,
          0.0,
          1.0,
          2.615983,
          -1.0,
          0.0,
          -0.0,
          0.0,
          0.0,
          0.0,
          0.0,
          1.0
        ],
        [
          0.0,
          -1.0,
          0.0,
          -0.848016,
          -0.0,
          0.0,
          1.0,
          2.615983,
          -1.0,
          0.0,
          -0.0,
          0.0,
          0.0,
          0.0,
          0.0,
          1.0
        ],
        [
          0.0,
          -1.0,
          0.0,
          -0.848016,
          -0.0,
          0.0,
          1.0,
          2.615983,
          -1.0,
          0.0,
          -0.0,
          0.0,
          0.0,
          0.0,
          0.0,
          1.0
        ],
        [
          0.0,
          -1.0,
          0.0,
          -0.848016,
          -0.0,
          0.0,
          1.0,
          2.615983,
          -1.0,
          0.0,
          -0.0,
          0.0,
          0.0,
          0.0,
          0.0,
          1.0
        ],
        [
          0.0,
          -1.0,
          0.0,
          -0.848016,
          -0.0,
          0.0,
          1.0,
          2.615983,
          -1.0,
          0.0,
          -0.0,
          0.0,
          0.0,
          0.0,
          0.0,
          1.0
        ],
        [
          0.0,
          -1.0,
          0.0,
          -0.848016,
          -0.0,
          0.0,
          1.0,
          2.615983,
          -1.0,
          0.0,
          -0.0,
          0.0,
          0.0,
          0.0,
          0.0,
          1.0
        ],
        [
          0.0,
          -1.0,
          0.0,
          -0.848016,
          -0.0,
          0.0,
          1.0,
          2.615983,
          -1.0,
          0.0,
          -0.0,
          0.0,
          0.0,
          0.0,
          0.0,
          1.0
        ],
        [
          0.0,
          -1.0,
          0.0,
          -0.848016,
          -0.0,
          0.0,
          1.0,
          2.615983,
          -1.0,
          0.0,
          -0.0,
          0.0,
          0.0,
          0.0,
          0.0,
          1.0
        ],
        [
          0.0,
          -1.0,
          0.0,
          -0.848016,
          -0.0,
          0.0,
          1.0,
          2.615983,
          -1.0,
          0.0,
          -0.0,
          0.0,
          0.0,
          0.0,
          0.0,
          1.0
        ]
      ]
    },
    {
      "name": "Tentacle1_1.L",
      "time": [
        0.0,
        0.0333,
        0.0667,
        0.1,
        0.1333,
        0.1667,
        0.2,
        0.2333,
        0.2667,
        0.3,
        0.3333,
        0.3667,
        0.4,
        0.4333,
        0.4667,
        0.5,
        0.5333
      ],
      "transform": [
        [
          0.999937,
          0.001949,
          -0.011055,
          0.0,
          -0.00207,
          0.999938,
          -0.010897,
          1.057274,
          0.011033,
          0.01092,
          0.99988,
          0.0,
          0.0,
          0.0,
          0.0,
          1.0
        ],
        [
          0.999937,
          0.001685,
          -0.011055,
          0.0,
          -0.001806,
          0.999939,
          -0.010919,
          1.057274,
          0.011036,
          0.010938,
          0.999879,
          0.0,
          0.0,
          0.0,
          0.0,
          1.0
        ],
        [
          0.999938,
          0.001457,
          -0.011055,
          0.0,
          -0.001578,
          0.999939,
          -0.010937,
          1.057274,
          0.011038,
          0.010954,
          0.999879,
          0.0,
          0.0,
          0.0,
          0.0,
          1.0
        ],
        [
          0.999938,
          0.001259,
          -0.011055,
          0.0,
          -0.00138,
          0.999939,
          -0.010953,
          1.057274,
          0.01104,
          0.010967,
          0.999879,
          0.0,
          0.0,
          0.0,
          0.0,
          1.0
        ],
        [
          0.999938,
          0.001088,
          -0.011055,
          0.0,
          -0.00121,
          0.999939,
          -0.010967,
          1.057274,
          0.011042,
          0.010979,
          0.999879,
          0.0,
          0.0,
          0.0,
          0.0,
          1.0
        ],
        [
          0.999939,
          0.000941,
          -0.011055,
          0.0,
          -0.001062,
          0.999939,
          -0.010978,
          1.057274,
          0.011044,
          0.01099,
          0.999879,
          0.0,
          0.0,
          0.0,
          0.0,
          1.0
        ],
        [
          0.999938,
          0.000813,
          -0.011055,
          0.0,
          -0.000935,
          0.999939,
          -0.010989,
          1.057274,
          0.011045,
          0.010998,
          0.999878,
          0.0,
          0.0,
          0.0,
          0.0,
          1.0
        ],
        [
          0.999938,
          0.000703,
          -0.011055,
          0.0,
          -0.000825,
          0.999939,
          -0.010998,
          1.057274,
          0.011046,
          0.011006,
          0.999878,
          0.0,
          0.0,
          0.0,
          0.0,
          1.0
        ],
        [
          0.999939,
          0.000608,
          -0.011055,
          0.0,
          -0.000729,
          0.999939,
          -0.011005,
          1.057274,
          0.011048,
          0.011013,
          0.999878,
          0.0,
          0.0,
          0.0,
          0.0,
          1.0
        ],
        [
          0.999939,
          0.000525,
          -0.011055,
          0.0,
          -0.000647,
          0.999939,
          -0.011012,
          1.057274,
          0.011049,
          0.011018,
          0.999878,
          0.0,
          0.0,
          0.0,
          0.0,
          1.0
        ],
        [
          0.999939,
          0.000454,
          -0.011055,
          0.0,
          -0.000576,
          0.999939,
          -0.011018,
          1.057274,
          0.011049,
          0.011023,
          0.999878,
          0.0,
          0.0,
          0.0,
          0.0,
          1.0
        ],
        [
          0.999939,
          0.000392,
          -0.011055,
          0.0,
          -0.000514,
          0.999939,
          -0.011022,
          1.057274,
          0.01105,
          0.011027,
          0.999878,
          0.0,
          0.0,
          0.0,
          0.0,
          1.0
        ],
        [
          0.999939,
          0.000339,
          -0.011055,
          0.0,
          -0.000461,
          0.999939,
          -0.011027,
          1.057274,
          0.01105,
          0.011031,
          0.999878,
          0.0,
          0.0,
          0.0,
          0.0,
          1.0
        ],
        [
          0.999939,
          0.000294,
          -0.011055,
          0.0,
          -0.000415,
          0.999939,
          -0.011031,
          1.057274,
          0.011051,
          0.011035,
          0.999878,
          0.0,
          0.0,
          0.0,
          0.0,
          1.0
        ],
        [
          0.999939,
          0.000254,
          -0.011055,
          0.0,
          -0.000375,
          0.999939,
          -0.011034,
          1.057274,
          0.011051,
          0.011037,
          0.999878,
          0.0,
          0.0,
          0.0,
          0.0,
          1.0
        ],
        [
          0.999939,
          0.000219,
          -0.011055,
          0.0,
          -0.000341,
          0.999939,
          -0.011037,
          1.057274,
          0.011052,
          0.01104,
          0.999878,
          0.0,
          0.0,
          0.0,
          0.0,
          1.0
        ],
        [
          0.999939,
          0.00019,
          -0.011055,
          0.0,
          -0.000312,
          0.999939,
          -0.011039,
          1.057274,
          0.011052,
          0.011042,
          0.999878,
          0.0,
          0.0,
          0.0,
          0.0,
          1.0
        ]
      ]
    },
    {
      "name": "Tentacle1_2.L",
      "time": [
        0.0,
        0.0333,
        0.0667,
        0.1,
        0.1333,
        0.1667,
        0.2,
        0.2333,
        0.2667,
        0.3,
        0.3333,
        0.3667,
        0.4,
        0.4333,
        0.4667,
        0.5,
        0.5333
      ],
      "transform": [
        [
          0.999899,
          0.003164,
          0.013818,
          0.0,
          -0.003358,
          0.999895,
          0.01404,
          1.413427,
          -0.013772,
          -0.014085,
          0.999806,
          -0.0,
          0.0,
          0.0,
          0.0,
          1.0
        ],
        [
          0.9999,
          0.002715,
          0.013817,
          0.0,
          -0.002909,
          0.999897,
          0.01401,
          1.413427,
          -0.013778,
          -0.014049,
          0.999806,
          -0.0,
          0.0,
          0.0,
          0.0,
          1.0
        ],
        [
          0.999901,
          0.002327,
          0.013817,
          0.0,
          -0.00252,
          0.999899,
          0.013984,
          1.413427,
          -0.013784,
          -0.014017,
          0.999807,
          0.0,
          0.0,
          0.0,
          0.0,
          1.0
        ],
        [
          0.999902,
          0.001991,
          0.013817,
          -0.0,
          -0.002184,
          0.9999,
          0.013961,
          1.413427,
          -0.013788,
          -0.01399,
          0.999807,
          0.0,
          0.0,
          0.0,
          0.0,
          1.0
        ],
        [
          0.999903,
          0.0017,
          0.013817,
          -0.0,
          -0.001893,
          0.999901,
          0.013942,
          1.413427,
          -0.013792,
          -0.013967,
          0.999807,
          -0.0,
          0.0,
          0.0,
          0.0,
          1.0
        ],
        [
          0.999903,
          0.001449,
          0.013817,
          0.0,
          -0.001641,
          0.999902,
          0.013925,
          1.413427,
          -0.013796,
          -0.013946,
          0.999808,
          -0.0,
          0.0,
          0.0,
          0.0,
          1.0
        ],
        [
          0.999904,
          0.001232,
          0.013817,
          -0.0,
          -0.001424,
          0.999902,
          0.013911,
          1.413427,
          -0.013799,
          -0.013929,
          0.999808,
          0.0,
          0.0,
          0.0,
          0.0,
          1.0
        ],
        [
          0.999904,
          0.001045,
          0.013817,
          0.0,
          -0.001237,
          0.999902,
          0.013898,
          1.413427,
          -0.013801,
          -0.013914,
          0.999808,
          -0.0,
          0.0,
          0.0,
          0.0,
          1.0
        ],
        [
          0.999904,
          0.000883,
          0.013817,
          0.0,
          -0.001075,
          0.999902,
          0.013887,
          1.413427,
          -0.013804,
          -0.013901,
          0.999808,
          -0.0,
          0.0,
          0.0,
          0.0,
          1.0
        ],
        [
          0.999904,
          0.000742,
          0.013817,
          -0.0,
          -0.000934,
          0.999903,
          0.013878,
          1.413427,
          -0.013806,
          -0.01389,
          0.999808,
          0.0,
          0.0,
          0.0,
          0.0,
          1.0
        ],
        [
          0.999904,
          0.000621,
          0.013817,
          -0.0,
          -0.000813,
          0.999903,
          0.01387,
          1.413427,
          -0.013807,
          -0.01388,
          0.999808,
          0.0,
          0.0,
          0.0,
          0.0,
          1.0
        ],
        [
          0.999904,
          0.000516,
          0.013817,
          0.0,
          -0.000708,
          0.999904,
          0.013863,
          1.413427,
          -0.013809,
          -0.013871,
          0.999808,
          -0.0,
          0.0,
          0.0,
          0.0,
          1.0
        ],
        [
          0.999904,
          0.000424,
          0.013817,
          -0.0,
          -0.000616,
          0.999904,
          0.013857,
          1.413427,
          -0.01381,
          -0.013864,
          0.999808,
          0.0,
          0.0,
          0.0,
          0.0,
          1.0
        ],
        [
          0.999904,
          0.000346,
          0.013817,
          -0.0,
          -0.000537,
          0.999904,
          0.013852,
          1.413427,
          -0.013811,
          -0.013858,
          0.999808,
          0.0,
          0.0,
          0.0,
          0.0,
          1.0
        ],
        [
          0.999905,
          0.000279,
          0.013817,
          -0.0,
          -0.00047,
          0.999904,
          0.013847,
          1.413427,
          -0.013812,
          -0.013852,
          0.999809,
          0.0,
          0.0,
          0.0,
          0.0,
          1.0
        ],
        [
          0.999904,
          0.00022,
          0.013817,
          -0.0,
          -0.000412,
          0.999904,
          0.013843,
          1.413427,
          -0.013813,
          -0.013848,
          0.999809,
          0.0,
          0.0,
          0.0,
          0.0,
          1.0
        ],
        [
          0.999904,
          0.00017,
          0.013817,
          -0.0,
          -0.000361,
          0.999904,
          0.01384,
          1.413427,
          -0.013814,
          -0.013844,
          0.999809,
          -0.0,
          0.0,
          0.0,
          0.0,
          1.0
        ]
      ]
    },
    {
      "name": "Tentacle1_3.L",
      "time": [
        0.0,
        0.0333,
        0.0667,
        0.1,
        0.1333,
        0.1667,
        0.2,
        0.2333,
        0.2667,
        0.3,
        0.3333,
        0.3667,
        0.4,
        0.4333,
        0.4667,
        0.5,
        0.5333
      ],
      "transform": [
        [
          0.999996,
          -8e-06,
          -0.002764,
          -0.0,
          -0.0,
          0.999996,
          -0.002764,
          1.41333,
          0.002764,
          0.002764,
          0.999992,
          0.0,
          0.0,
          0.0,
          0.0,
          1.0
        ],
        [
          0.999996,
          -8e-06,
          -0.002764,
          0.0,
          -0.0,
          0.999996,
          -0.002764,
          1.41333,
          0.002764,
          0.002764,
          0.999992,
          0.0,
          0.0,
          0.0,
          0.0,
          1.0
        ],
        [
          0.999996,
          -8e-06,
          -0.002764,
          -0.0,
          -0.0,
          0.999996,
          -0.002764,
          1.413331,
          0.002764,
          0.002764,
          0.999992,
          0.0,
          0.0,
          0.0,
          0.0,
          1.0
        ],
        [
          0.999996,
          -8e-06,
          -0.002764,
          -0.0,
          0.0,
          0.999996,
          -0.002764,
          1.41333,
          0.002764,
          0.002764,
          0.999992,
          -0.0,
          0.0,
          0.0,
          0.0,
          1.0
        ],
        [
          0.999996,
          -8e-06,
          -0.002764,
          0.0,
          0.0,
          0.999996,
          -0.002764,
          1.41333,
          0.002764,
          0.002764,
          0.999992,
          0.0,
          0.0,
          0.0,
          0.0,
          1.0
        ],
        [
          0.999996,
          -8e-06,
          -0.002764,
          -0.0,
          0.0,
          0.999996,
          -0.002764,
          1.41333,
          0.002764,
          0.002764,
          0.999992,
          0.0,
          0.0,
          0.0,
          0.0,
          1.0
        ],
        [
          0.999996,
          -8e-06,
          -0.002764,
          -0.0,
          0.0,
          0.999996,
          -0.002764,
          1.41333,
          0.002764,
          0.002764,
          0.999992,
          -0.0,
          0.0,
          0.0,
          0.0,
          1.0
        ],
        [
          0.999996,
          -8e-06,
          -0.002764,
          0.0,
          0.0,
          0.999996,
          -0.002764,
          1.41333,
          0.002764,
          0.002764,
          0.999992,
          -0.0,
          0.0,
          0.0,
          0.0,
          1.0
        ],
        [
          0.999996,
          -8e-06,
          -0.002764,
          0.0,
          -0.0,
          0.999996,
          -0.002764,
          1.41333,
          0.002764,
          0.002764,
          0.999992,
          0.0,
          0.0,
          0.0,
          0.0,
          1.0
        ],
        [
          0.999996,
          -8e-06,
          -0.002764,
          0.0,
          -0.0,
          0.999996,
          -0.002764,
          1.41333,
          0.002764,
          0.002764,
          0.999992,
          -0.0,
          0.0,
          0.0,
          0.0,
          1.0
        ],
        [
          0.999996,
          -8e-06,
          -0.002764,
          0.0,
          0.0,
          0.999996,
          -0.002764,
          1.41333,
          0.002764,
          0.002764,
          0.999992,
          0.0,
          0.0,
          0.0,
          0.0,
          1.0
        ],
        [
          0.999996,
          -8e-06,
          -0.002764,
          0.0,
          -0.0,
          0.999996,
          -0.002764,
          1.41333,
          0.002764,
          0.002764,
          0.999992,
          -0.0,
          0.0,
          0.0,
          0.0,
          1.0
        ],
        [
          0.999996,
          -8e-06,
          -0.002764,
          -0.0,
          0.0,
          0.999996,
          -0.002764,
          1.41333,
          0.002764,
          0.002764,
          0.999992,
          -0.0,
          0.0,
          0.0,
          0.0,
          1.0
        ],
        [
          0.999996,
          -8e-06,
          -0.002764,
          0.0,
          -0.0,
          0.999996,
          -0.002764,
          1.41333,
          0.002764,
          0.002764,
          0.999992,
          1e-06,
          0.0,
          0.0,
          0.0,
          1.0
        ],
        [
          0.999996,
          -8e-06,
          -0.002764,
          0.0,
          -0.0,
          0.999996,
          -0.002764,
          1.41333,
          0.002764,
          0.002764,
          0.999992,
          -0.0,
          0.0,
          0.0,
          0.0,
          1.0
        ],
        [
          0.999996,
          -8e-06,
          -0.002764,
          -0.0,
          -0.0,
          0.999996,
          -0.002764,
          1.41333,
          0.002764,
          0.002764,
          0.999992,
          -0.0,
          0.0,
          0.0,
          0.0,
          1.0
        ],
        [
          0.999996,
          -8e-06,
          -0.002764,
          0.0,
          0.0,
          0.999996,
          -0.002764,
          1.413331,
          0.002764,
          0.002764,
          0.999992,
          -0.0,
          0.0,
          0.0,
          0.0,
          1.0
        ]
      ]
    },
    {
      "name": "Tentacle2_0.L",
      "time": [
        0.0,
        0.0333,
        0.0667,
        0.1,
        0.1333,
        0.1667,
        0.2,
        0.2333,
        0.2667,
        0.3,
        0.3333,
        0.3667,
        0.4,
        0.4333,
        0.4667,
        0.5,
        0.5333
      ],
      "transform": [
        [
          -0.487119,
          -0.859499,
          -0.154846,
          -0.909962,
          -0.073006,
          -0.136608,
          0.987931,
          1.740983,
          -0.870279,
          0.492544,
          0.003796,
          0.0,
          0.0,
          0.0,
          0.0,
          1.0
        ],
        [
          -0.676385,
          -0.716542,
          -0.170502,
          -0.909962,
          -0.098748,
          -0.141179,
          0.985047,
          1.740983,
          -0.729899,
          0.683108,
          0.024735,
          0.0,
          0.0,
          0.0,
          0.0,
          1.0
        ],
        [
          -0.922122,
          -0.3399,
          -0.184822,
          -0.909962,
          -0.147552,
          -0.132647,
          0.980119,
          1.740983,
          -0.357658,
          0.93106,
          0.072164,
          0.0,
          0.0,
          0.0,
          0.0,
          1.0
        ],
        [
          -0.976918,
          -0.109508,
          -0.183411,
          -0.909962,
          -0.170223,
          -0.119658,
          0.978114,
          1.740983,
          -0.129058,
          0.986757,
          0.098255,
          0.0,
          0.0,
          0.0,
          0.0,
          1.0
        ],
        [
          -0.976918,
          -0.109508,
          -0.183411,
          -0.909962,
          -0.170223,
          -0.119658,
          0.978114,
          1.740983,
          -0.129058,
          0.986757,
          0.098255,
          0.0,
          0.0,
          0.0,
          0.0,
          1.0
        ],
        [
          -0.976918,
          -0.109508,
          -0.183411,
          -0.909962,
          -0.170223,
          -0.119658,
          0.978114,
          1.740983,
          -0.129058,
          0.986757,
          0.098255,
          0.0,
          0.0,
          0.0,
          0.0,
          1.0
        ],
        [
          -0.956134,
          -0.228742,
          -0.189021,
          -0.909962,
          -0.16367,
          -0.129854,
          0.978301,
          1.740983,
          -0.24294,
          0.987735,
          0.084839,
          0.0,
          0.0,
          0.0,
          0.0,
          1.0
        ],
        [
          -0.806717,
          -0.601681,
          -0.196037,
          -0.909962,
          -0.138143,
          -0.156111,
          0.979794,
          1.740983,
          -0.574564,
          0.882325,
          0.039674,
          0.0,
          0.0,
          0.0,
          0.0,
          1.0
        ],
        [
          -0.271526,
          -1.097213,
          -0.166213,
          -0.909962,
          -0.082307,
          -0.172686,
          0.985376,
          1.740983,
          -0.958905,
          0.325512,
          -0.037513,
          0.0,
          0.0,
          0.0,
          0.0,
          1.0
        ],
        [
          0.548985,
          -1.034744,
          -0.07174,
          -0.909962,
          -0.028284,
          -0.129588,
          0.994145,
          1.740983,
          -0.835354,
          -0.675634,
          -0.080808,
          0.0,
          0.0,
          0.0,
          0.0,
          1.0
        ],
        [
          0.952047,
          -0.403972,
          0.006781,
          -0.909962,
          -0.02255,
          -0.063458,
          0.99859,
          1.740983,
          -0.30512,
          -1.255798,
          -0.052642,
          0.0,
          0.0,
          0.0,
          0.0,
          1.0
        ],
        [
          0.997553,
          0.082136,
          0.036543,
          -0.909962,
          -0.03544,
          -0.026808,
          0.999182,
          1.740983,
          0.060275,
          -1.375131,
          -0.017296,
          0.0,
          0.0,
          0.0,
          0.0,
          1.0
        ],
        [
          0.983423,
          0.246611,
          0.043009,
          -0.909962,
          -0.041613,
          -0.016261,
          0.999066,
          1.740983,
          0.176486,
          -1.378013,
          -0.004092,
          0.0,
          0.0,
          0.0,
          0.0,
          1.0
        ],
        [
          0.98346,
          0.233245,
          0.042653,
          -0.909962,
          -0.040776,
          -0.018909,
          0.999066,
          1.740983,
          0.176478,
          -1.304172,
          -0.006857,
          0.0,
          0.0,
          0.0,
          0.0,
          1.0
        ],
        [
          0.983496,
          0.219897,
          0.042297,
          -0.909962,
          -0.039939,
          -0.021159,
          0.999059,
          1.740983,
          0.176468,
          -1.230324,
          -0.009622,
          0.0,
          0.0,
          0.0,
          0.0,
          1.0
        ],
        [
          0.983531,
          0.206569,
          0.041941,
          -0.909962,
          -0.039102,
          -0.02301,
          0.999043,
          1.740983,
          0.176456,
          -1.156471,
          -0.012387,
          0.0,
          0.0,
          0.0,
          0.0,
          1.0
        ],
        [
          0.983567,
          0.193259,
          0.041584,
          -0.909962,
          -0.038265,
          -0.024463,
          0.99902,
          1.740983,
          0.176442,
          -1.082614,
          -0.015151,
          0.0,
          0.0,
          0.0,
          0.0,
          1.0
        ]
      ]
    },
    {
      "name": "Tentacle2_1.L",
      "time": [
        0.0,
        0.0333,
        0.0667,
        0.1,
        0.1333,
        0.1667,
        0.2,
        0.2333,
        0.2667,
        0.3,
        0.3333,
        0.3667,
        0.4,
        0.4333,
        0.4667,
        0.5,
        0.5333
      ],
      "transform": [
        [
          0.618043,
          0.770607,
          -0.155521,
          -0.0,
          -0.785505,
          0.613309,
          -0.082666,
          0.995597,
          0.031679,
          0.173254,
          0.984368,
          -0.0,
          0.0,
          0.0,
          0.0,
          1.0
        ],
        [
          0.303458,
          0.946618,
          -0.108758,
          -0.0,
          -0.949903,
          0.291581,
          -0.112542,
          0.995597,
          -0.074822,
          0.137462,
          0.987677,
          -0.0,
          0.0,
          0.0,
          0.0,
          1.0
        ],
        [
          -0.307766,
          0.940513,
          -0.143927,
          0.0,
          -0.907931,
          -0.335537,
          -0.251149,
          0.995597,
          -0.284502,
          0.05338,
          0.957188,
          0.0,
          0.0,
          0.0,
          0.0,
          1.0
        ],
        [
          -0.614934,
          0.758137,
          -0.21699,
          -0.0,
          -0.695992,
          -0.651151,
          -0.302651,
          0.995597,
          -0.370744,
          -0.035087,
          0.928072,
          -0.0,
          0.0,
          0.0,
          0.0,
          1.0
        ],
        [
          -0.699359,
          0.681411,
          -0.215816,
          -0.0,
          -0.615136,
          -0.72755,
          -0.303775,
          0.995597,
          -0.364012,
          -0.079691,
          0.927978,
          -0.0,
          0.0,
          0.0,
          0.0,
          1.0
        ],
        [
          -0.735173,
          0.642774,
          -0.215318,
          -0.0,
          -0.574916,
          -0.759508,
          -0.304334,
          0.995597,
          -0.359154,
          -0.099948,
          0.927911,
          -0.0,
          0.0,
          0.0,
          0.0,
          1.0
        ],
        [
          -0.690862,
          0.700347,
          -0.193949,
          0.0,
          -0.630991,
          -0.715489,
          -0.309112,
          0.995597,
          -0.353344,
          -0.091731,
          0.931036,
          -0.0,
          0.0,
          0.0,
          0.0,
          1.0
        ],
        [
          -0.477255,
          0.886141,
          -0.131638,
          0.0,
          -0.81496,
          -0.499585,
          -0.309457,
          0.995597,
