{
  "animation": [
    {
      "name": "Root",
      "time": [
        0.0,
        0.7333
      ],
      "transform": [
        [
          1.0,
          0.0,
          0.0,
          0.0,
          0.0,
          0.0,
          -1.0,
          0.0,
          0.0,
          1.0,
          0.0,
          0.0,
          0.0,
          0.0,
          0.0,
          1.0
        ],
        [
          1.0,
          0.0,
          0.0,
          0.0,
          0.0,
          0.0,
          -1.0,
          0.0,
          0.0,
          1.0,
          0.0,
          0.0,
          0.0,
          0.0,
          0.0,
          1.0
        ]
      ]
    },
    {
      "name": "Tablet",
      "time": [
        0.0,
        0.7333
      ],
      "transform": [
        [
          1.0,
          0.0,
          0.0,
          0.0,
          0.0,
          1.0,
          0.0,
          0.4,
          0.0,
          0.0,
          1.0,
          0.0,
          0.0,
          0.0,
          0.0,
          1.0
        ],
        [
          1.0,
          0.0,
          0.0,
          0.0,
          0.0,
          1.0,
          0.0,
          0.4,
          0.0,
          0.0,
          1.0,
          0.0,
          0.0,
          0.0,
          0.0,
          1.0
        ]
      ]
    },
    {
      "name": "Tentacle1_0.L",
      "time": [
        0.0,
        0.7333
      ],
      "transform": [
        [
          -0.019433,
          -1.09884,
          0.041584,
          -0.848016,
          -0.014353,
          0.046053,
          0.99902,
          2.615983,
          -0.999708,
          0.020698,
          -0.015151,
          0.0,
          0.0,
          0.0,
          0.0,
          1.0
        ],
        [
          -0.019433,
          -1.09884,
          0.041584,
          -0.848016,
          -0.014353,
          0.046053,
          0.99902,
          2.615983,
          -0.999708,
          0.020698,
          -0.015151,
          0.0,
          0.0,
          0.0,
          0.0,
          1.0
        ]
      ]
    },
    {
      "name": "Tentacle1_1.L",
      "time": [
        0.0,
        0.7333
      ],
      "transform": [
        [
          0.807049,
          0.649393,
          -0.012255,
          -0.0,
          -0.590469,
          0.887702,
          -0.009665,
          1.057274,
          0.004184,
          0.01654,
          0.999878,
          -0.0,
          0.0,
          0.0,
          0.0,
          1.0
        ],
        [
          0.807049,
          0.649393,
          -0.012255,
          -0.0,
          -0.590469,
          0.887702,
          -0.009665,
          1.057274,
          0.004184,
          0.01654,
          0.999878,
          -0.0,
          0.0,
          0.0,
          0.0,
          1.0
        ]
      ]
    },
    {
      "name": "Tentacle1_2.L",
      "time": [
        0.0,
        0.7333
      ],
      "transform": [
        [
          0.656149,
          0.829999,
          0.011461,
          0.0,
          -0.754623,
          0.721594,
          0.014714,
          1.413427,
          0.003584,
          -0.020133,
          0.999826,
          0.0,
          0.0,
          0.0,
          0.0,
          1.0
        ],
        [
          0.656149,
          0.829999,
          0.011461,
          0.0,
          -0.754623,
          0.721594,
          0.014714,
          1.413427,
          0.003584,
          -0.020133,
          0.999826,
          0.0,
          0.0,
          0.0,
          0.0,
          1.0
        ]
      ]
    },
    {
      "name": "Tentacle1_3.L",
      "time": [
        0.0,
        0.7333
      ],
      "transform": [
        [
          0.999996,
          -8e-06,
          -0.002764,
          0.0,
          -0.0,
          1.099996,
          -0.002764,
          1.41333,
          0.002764,
          0.00304,
          0.999992,
          1e-06,
          0.0,
          0.0,
          0.0,
          1.0
        ],
        [
          0.999996,
          -8e-06,
          -0.002764,
          0.0,
          -0.0,
          1.099996,
          -0.002764,
          1.41333,
          0.002764,
          0.00304,
          0.999992,
          1e-06,
          0.0,
          0.0,
          0.0,
          1.0
        ]
      ]
    },
    {
      "name": "Tentacle2_0.L",
      "time": [
        0.0,
        0.7333
      ],
      "transform": [
        [
          0.610399,
          -0.719238,
          0.331827,
          -0.909962,
          -0.161737,
          0.296925,
          0.941104,
          1.740983,
          -0.775406,
          -0.628118,
          0.064916,
          0.0,
          0.0,
          0.0,
          0.0,
          1.0
        ],
        [
          0.610399,
          -0.719238,
          0.331827,
          -0.909962,
          -0.161737,
          0.296925,
          0.941104,
          1.740983,
          -0.775406,
          -0.628118,
          0.064916,
          0.0,
          0.0,
          0.0,
          0.0,
          1.0
        ]
      ]
    },
    {
      "name": "Tentacle2_1.L",
      "time": [
        0.0,
        0.0333,
        0.0667,
        0.1,
        0.1333,
        0.1667,
        0.2,
        0.2333,
        0.2667,
        0.3,
        0.3333,
        0.3667,
        0.4,
        0.4333,
        0.4667,
        0.5,
        0.5333,
        0.5667,
        0.6,
        0.6333,
        0.6667,
        0.7,
        0.7333
      ],
      "transform": [
        [
          0.984148,
          0.093122,
          -0.150936,
          0.0,
          -0.025862,
          0.917315,
          0.397322,
          0.995597,
          0.175455,
          -0.38712,
          0.905182,
          -0.0,
          0.0,
          0.0,
          0.0,
          1.0
        ],
        [
          0.984148,
          0.09312,
          -0.150936,
          0.0,
          -0.02586,
          0.917316,
          0.397321,
          0.995597,
          0.175455,
          -0.38712,
          0.905182,
          -0.0,
          0.0,
          0.0,
          0.0,
          1.0
        ],
        [
          0.984148,
          0.093118,
          -0.150936,
          0.0,
          -0.025858,
          0.917315,
          0.397321,
          0.995597,
          0.175454,
          -0.38712,
          0.905182,
          -0.0,
          0.0,
          0.0,
          0.0,
          1.0
        ],
        [
          0.984148,
          0.093117,
          -0.150936,
          0.0,
          -0.025857,
          0.917316,
          0.397321,
          0.995597,
          0.175453,
          -0.38712,
          0.905182,
          -0.0,
          0.0,
          0.0,
          0.0,
          1.0
        ],
        [
          0.984148,
          0.093115,
          -0.150936,
          0.0,
          -0.025856,
          0.917316,
          0.397321,
          0.995597,
          0.175453,
          -0.38712,
          0.905182,
          -0.0,
          0.0,
          0.0,
          0.0,
          1.0
        ],
        [
          0.984149,
          0.093114,
          -0.150936,
          0.0,
          -0.025854,
          0.917316,
          0.39732,
          0.995597,
          0.175452,
          -0.38712,
          0.905182,
          -0.0,
          0.0,
          0.0,
          0.0,
          1.0
        ],
        [
          0.984148,
          0.093113,
          -0.150936,
          0.0,
          -0.025853,
          0.917316,
          0.39732,
          0.995597,
          0.175452,
          -0.38712,
          0.905182,
          -0.0,
          0.0,
          0.0,
          0.0,
          1.0
        ],
        [
          0.984149,
          0.093112,
          -0.150936,
          0.0,
          -0.025853,
          0.917316,
          0.39732,
          0.995597,
          0.175451,
          -0.38712,
          0.905182,
          -0.0,
          0.0,
          0.0,
          0.0,
          1.0
        ],
        [
          0.984148,
          0.093111,
          -0.150936,
          0.0,
          -0.025852,
          0.917315,
          0.39732,
          0.995597,
          0.175451,
          -0.38712,
          0.905182,
          -0.0,
          0.0,
          0.0,
          0.0,
          1.0
        ],
        [
          0.984149,
          0.09311,
          -0.150936,
          0.0,
          -0.025851,
          0.917316,
          0.39732,
          0.995597,
          0.175451,
          -0.38712,
          0.905182,
          -0.0,
          0.0,
          0.0,
          0.0,
          1.0
        ],
        [
          0.984149,
          0.093109,
          -0.150936,
          0.0,
          -0.02585,
          0.917317,
          0.39732,
          0.995597,
          0.17545,
          -0.38712,
          0.905183,
          -0.0,
          0.0,
          0.0,
          0.0,
          1.0
        ],
        [
          0.984149,
          0.093109,
          -0.150936,
          0.0,
          -0.02585,
          0.917316,
          0.39732,
          0.995597,
          0.17545,
          -0.38712,
          0.905182,
          -0.0,
          0.0,
          0.0,
          0.0,
          1.0
        ],
        [
          0.984149,
          0.093108,
          -0.150936,
          0.0,
          -0.02585,
          0.917316,
          0.39732,
          0.995597,
          0.17545,
          -0.38712,
          0.905182,
          -0.0,
          0.0,
          0.0,
          0.0,
          1.0
        ],
        [
          0.984149,
          0.093108,
          -0.150936,
          0.0,
          -0.025849,
          0.917316,
          0.39732,
          0.995597,
          0.17545,
          -0.38712,
          0.905182,
          -0.0,
          0.0,
          0.0,
          0.0,
          1.0
        ],
        [
          0.984149,
          0.093108,
          -0.150936,
          0.0,
          -0.025849,
          0.917316,
          0.39732,
          0.995597,
          0.17545,
          -0.38712,
          0.905182,
          -0.0,
          0.0,
          0.0,
          0.0,
          1.0
        ],
        [
          0.984149,
          0.093107,
          -0.150936,
          0.0,
          -0.025848,
          0.917316,
          0.39732,
          0.995597,
          0.17545,
          -0.38712,
          0.905183,
          -0.0,
          0.0,
          0.0,
          0.0,
          1.0
        ],
        [
          0.984149,
          0.093106,
          -0.150936,
          0.0,
          -0.025848,
          0.917316,
          0.397319,
          0.995597,
          0.175449,
          -0.38712,
          0.905182,
          -0.0,
          0.0,
          0.0,
          0.0,
          1.0
        ],
        [
          0.984149,
          0.093106,
          -0.150936,
          0.0,
          -0.025848,
          0.917316,
          0.39732,
          0.995597,
          0.175449,
          -0.38712,
          0.905183,
          -0.0,
          0.0,
          0.0,
          0.0,
          1.0
        ],
        [
          0.984149,
          0.093106,
          -0.150936,
          0.0,
          -0.025847,
          0.917316,
          0.397319,
          0.995597,
          0.175449,
          -0.38712,
          0.905182,
          -0.0,
          0.0,
          0.0,
          0.0,
          1.0
        ],
        [
          0.984149,
          0.093106,
          -0.150936,
          0.0,
          -0.025847,
          0.917316,
          0.397319,
          0.995597,
          0.175449,
          -0.38712,
          0.905182,
          -0.0,
          0.0,
          0.0,
          0.0,
          1.0
        ],
        [
          0.984149,
          0.093106,
          -0.150936,
          0.0,
          -0.025847,
          0.917316,
          0.39732,
          0.995597,
          0.175449,
          -0.38712,
          0.905183,
          -0.0,
          0.0,
          0.0,
          0.0,
          1.0
        ],
        [
          0.98415,
          0.093106,
          -0.150936,
          0.0,
          -0.025847,
          0.917316,
          0.397319,
          0.995597,
          0.175449,
          -0.387121,
          0.905182,
          -0.0,
          0.0,
          0.0,
          0.0,
          1.0
        ],
        [
          0.984149,
          0.093106,
          -0.150936,
          0.0,
          -0.025847,
          0.917317,
          0.39732,
          0.995597,
          0.175449,
          -0.387121,
          0.905182,
          -0.0,
          0.0,
          0.0,
          0.0,
          1.0
        ]
      ]
    },
    {
      "name": "Tentacle2_2.L",
      "time": [
        0.0,
        0.0333,
        0.0667,
        0.1,
        0.1333,
        0.1667,
        0.2,
        0.2333,
        0.2667,
        0.3,
        0.3333,
        0.3667,
        0.4,
        0.4333,
        0.4667,
        0.5,
        0.5333,
        0.5667,
        0.6,
        0.6333,
        0.6667,
        0.7,
        0.7333
      ],
      "transform": [
        [
          0.959231,
          -0.213332,
          -0.185383,
          0.0,
          0.28242,
          0.698544,
          0.657476,
          1.413075,
          -0.010762,
          -0.683027,
          0.730313,
          0.0,
          0.0,
          0.0,
          0.0,
          1.0
        ],
        [
          0.959229,
          -0.213335,
          -0.185383,
          -0.0,
          0.282423,
          0.698543,
          0.657476,
          1.413076,
          -0.010765,
          -0.683027,
          0.730314,
          -0.0,
          0.0,
          0.0,
          0.0,
          1.0
        ],
        [
          0.959229,
          -0.213338,
          -0.185382,
          -0.0,
          0.282425,
          0.698543,
          0.657475,
          1.413075,
          -0.010767,
          -0.683026,
          0.730315,
          -0.0,
          0.0,
          0.0,
          0.0,
          1.0
        ],
        [
          0.959229,
          -0.21334,
          -0.185382,
          0.0,
          0.282427,
          0.698543,
          0.657475,
          1.413075,
          -0.010769,
          -0.683025,
          0.730315,
          -0.0,
          0.0,
          0.0,
          0.0,
          1.0
        ],
        [
          0.959228,
          -0.213343,
          -0.185382,
          0.0,
          0.282428,
          0.698543,
          0.657474,
          1.413075,
          -0.01077,
          -0.683025,
          0.730315,
          -0.0,
          0.0,
          0.0,
          0.0,
          1.0
        ],
        [
          0.959228,
          -0.213344,
          -0.185382,
          0.0,
          0.282429,
          0.698542,
          0.657474,
          1.413075,
          -0.010771,
          -0.683025,
          0.730316,
          -0.0,
          0.0,
          0.0,
          0.0,
          1.0
        ],
        [
          0.959227,
          -0.213346,
          -0.185382,
          0.0,
          0.28243,
          0.698542,
          0.657474,
          1.413076,
          -0.010772,
          -0.683025,
          0.730316,
          -0.0,
          0.0,
          0.0,
          0.0,
          1.0
        ],
        [
          0.959227,
          -0.213347,
          -0.185382,
          -0.0,
          0.282431,
          0.698542,
          0.657474,
          1.413076,
          -0.010773,
          -0.683024,
          0.730316,
          -0.0,
          0.0,
          0.0,
          0.0,
          1.0
        ],
        [
          0.959227,
          -0.213348,
          -0.185382,
          -0.0,
          0.282432,
          0.698542,
          0.657473,
          1.413075,
          -0.010774,
          -0.683024,
          0.730317,
          0.0,
          0.0,
          0.0,
          0.0,
          1.0
        ],
        [
          0.959227,
          -0.213349,
          -0.185382,
          -0.0,
          0.282433,
          0.698542,
          0.657474,
          1.413075,
          -0.010774,
          -0.683024,
          0.730316,
          -0.0,
          0.0,
          0.0,
          0.0,
          1.0
        ],
        [
          0.959226,
          -0.21335,
          -0.185382,
          -0.0,
          0.282434,
          0.698541,
          0.657473,
          1.413075,
          -0.010775,
          -0.683024,
          0.730316,
          -0.0,
          0.0,
          0.0,
          0.0,
          1.0
        ],
        [
          0.959226,
          -0.213351,
          -0.185382,
          -0.0,
          0.282434,
          0.698542,
          0.657473,
          1.413075,
          -0.010776,
          -0.683024,
          0.730317,
          0.0,
          0.0,
          0.0,
          0.0,
          1.0
        ],
        [
          0.959226,
          -0.213351,
          -0.185382,
          -0.0,
          0.282434,
          0.698541,
          0.657473,
          1.413075,
          -0.010776,
          -0.683024,
          0.730317,
          -0.0,
          0.0,
          0.0,
          0.0,
          1.0
        ],
        [
          0.959226,
          -0.213352,
          -0.185381,
          0.0,
          0.282434,
          0.698541,
          0.657473,
          1.413075,
          -0.010776,
          -0.683023,
          0.730317,
          0.0,
          0.0,
          0.0,
          0.0,
          1.0
        ],
        [
          0.959226,
          -0.213353,
          -0.185382,
          0.0,
          0.282435,
          0.698541,
          0.657473,
          1.413076,
          -0.010777,
          -0.683023,
          0.730317,
          0.0,
          0.0,
          0.0,
          0.0,
          1.0
        ],
        [
          0.959226,
          -0.213353,
          -0.185382,
          -0.0,
          0.282435,
          0.698541,
          0.657473,
          1.413075,
          -0.010777,
          -0.683023,
          0.730317,
          -0.0,
          0.0,
          0.0,
          0.0,
          1.0
        ],
        [
          0.959226,
          -0.213353,
          -0.185382,
          0.0,
          0.282435,
          0.698542,
          0.657472,
          1.413075,
          -0.010777,
          -0.683023,
          0.730317,
          -0.0,
          0.0,
          0.0,
          0.0,
          1.0
        ],
        [
          0.959226,
          -0.213353,
          -0.185382,
          0.0,
          0.282436,
          0.698542,
          0.657472,
          1.413075,
          -0.010777,
          -0.683023,
          0.730318,
          -0.0,
          0.0,
          0.0,
          0.0,
          1.0
        ],
        [
          0.959226,
          -0.213354,
          -0.185382,
          -0.0,
          0.282436,
          0.698542,
          0.657472,
          1.413076,
          -0.010777,
          -0.683023,
          0.730318,
          -0.0,
          0.0,
          0.0,
          0.0,
          1.0
        ],
        [
          0.959226,
          -0.213354,
          -0.185381,
          -0.0,
          0.282436,
          0.698542,
          0.657472,
          1.413075,
          -0.010778,
          -0.683022,
          0.730318,
          -0.0,
          0.0,
          0.0,
          0.0,
          1.0
        ],
        [
          0.959225,
          -0.213354,
          -0.185381,
          0.0,
          0.282436,
          0.698541,
          0.657472,
          1.413075,
          -0.010778,
          -0.683022,
          0.730318,
          -0.0,
          0.0,
          0.0,
          0.0,
          1.0
        ],
        [
          0.959225,
          -0.213355,
          -0.185382,
          0.0,
          0.282436,
          0.698541,
          0.657472,
          1.413076,
          -0.010778,
          -0.683023,
          0.730318,
          -0.0,
          0.0,
          0.0,
          0.0,
          1.0
        ],
        [
          0.959225,
          -0.213355,
          -0.185382,
          0.0,
          0.282437,
          0.698541,
          0.657472,
          1.413075,
          -0.010778,
          -0.683023,
          0.730318,
          -0.0,
          0.0,
          0.0,
          0.0,
          1.0
        ]
      ]
    },
    {
      "name": "Tentacle2_3.L",
      "time": [
        0.0,
        0.0333,
        0.0667,
        0.2333,
        0.2667,
        0.3,
        0.5333,
        0.5667,
        0.6,
        0.6333,
        0.6667,
        0.7,
        0.7333
      ],
      "transform": [
        [
          0.988555,
          -0.124882,
          0.084639,
          -0.0,
          0.075957,
          0.896748,
          0.435975,
          1.413327,
          -0.130345,
          -0.424557,
          0.89597,
          -0.0,
          0.0,
          0.0,
          0.0,
          1.0
        ],
        [
          0.988555,
          -0.124882,
          0.084639,
          0.0,
          0.075957,
          0.896747,
          0.435975,
          1.413327,
          -0.130345,
          -0.424557,
          0.89597,
          0.0,
          0.0,
          0.0,
          0.0,
          1.0
        ],
        [
          0.988555,
          -0.124882,
          0.084639,
          -0.0,
          0.075957,
          0.896748,
          0.435975,
          1.413327,
          -0.130345,
          -0.424557,
          0.89597,
          0.0,
          0.0,
          0.0,
          0.0,
          1.0
        ],
        [
          0.988555,
          -0.124882,
          0.084639,
          -0.0,
          0.075957,
          0.896748,
          0.435975,
          1.413327,
          -0.130345,
          -0.424557,
          0.89597,
          -0.0,
          0.0,
          0.0,
          0.0,
          1.0
        ],
        [
          0.988555,
          -0.124882,
          0.084639,
          0.0,
          0.075956,
          0.896748,
          0.435975,
          1.413327,
          -0.130345,
          -0.424557,
          0.89597,
          -0.0,
          0.0,
          0.0,
          0.0,
          1.0
        ],
        [
          0.988555,
          -0.124882,
          0.084639,
          0.0,
          0.075957,
          0.896748,
          0.435975,
          1.413327,
          -0.130345,
          -0.424557,
          0.89597,
          0.0,
          0.0,
          0.0,
          0.0,
          1.0
        ],
        [
          0.988555,
          -0.124882,
          0.084639,
          0.0,
          0.075957,
          0.896748,
          0.435975,
          1.413327,
          -0.130345,
          -0.424557,
          0.89597,
          -0.0,
          0.0,
          0.0,
          0.0,
          1.0
        ],
        [
          0.988555,
          -0.124882,
          0.084639,
          0.0,
          0.075957,
          0.896748,
          0.435975,
          1.413328,
          -0.130345,
          -0.424557,
          0.89597,
          0.0,
          0.0,
          0.0,
          0.0,
          1.0
        ],
        [
          0.988555,
          -0.124882,
          0.084639,
          -0.0,
          0.075957,
          0.896747,
          0.435975,
          1.413327,
          -0.130345,
          -0.424557,
          0.89597,
          0.0,
          0.0,
          0.0,
          0.0,
          1.0
        ],
        [
          0.988555,
          -0.124882,
          0.084639,
          0.0,
          0.075957,
          0.896748,
          0.435975,
          1.413327,
          -0.130345,
          -0.424557,
          0.89597,
          -0.0,
          0.0,
          0.0,
          0.0,
          1.0
        ],
        [
          0.988555,
          -0.124882,
          0.084639,
          -0.0,
          0.075956,
          0.896748,
          0.435975,
          1.413327,
          -0.130345,
          -0.424557,
          0.89597,
          -0.0,
          0.0,
          0.0,
          0.0,
          1.0
        ],
        [
          0.988555,
          -0.124882,
          0.084639,
          -0.0,
          0.075957,
          0.896748,
          0.435975,
          1.413327,
          -0.130345,
          -0.424557,
          0.89597,
          -0.0,
          0.0,
          0.0,
          0.0,
          1.0
        ],
        [
          0.988555,
          -0.124882,
          0.084639,
          0.0,
          0.075957,
          0.896748,
          0.435975,
          1.413327,
          -0.130345,
          -0.424557,
          0.89597,
          -0.0,
          0.0,
          0.0,
          0.0,
          1.0
        ]
      ]
    },
    {
      "name": "Tentacle3_0.L",
      "time": [
        0.0,
        0.7333
      ],
      "transform": [
        [
          -0.005986,
          -0.69736,
          -0.716696,
          -0.972423,
          -0.008539,
          -0.716647,
          0.697384,
          0.858281,
          -0.999946,
          0.010294,
          -0.001665,
          0.0,
          0.0,
          0.0,
          0.0,
          1.0
        ],
        [
          -0.005986,
          -0.69736,
          -0.716696,
          -0.972423,
          -0.008539,
          -0.716647,
          0.697384,
          0.858281,
          -0.999946,
          0.010294,
          -0.001665,
          0.0,
          0.0,
          0.0,
          0.0,
          1.0
        ]
      ]
    },
    {
      "name": "Tentacle3_1.L",
      "time": [
        0.0,
        0.0333,
        0.0667,
        0.1,
        0.1333,
        0.1667,
        0.2,
        0.2333,
        0.2667,
        0.3,
        0.3333,
        0.3667,
        0.4,
        0.4333,
        0.4667,
        0.5,
        0.5333,
        0.5667,
        0.6,
        0.6333,
        0.6667,
        0.7,
        0.7333
      ],
      "transform": [
        [
          0.999864,
          0.016371,
          -0.001581,
          -0.0,
          -0.01502,
          0.869686,
          -0.493376,
          1.058051,
          -0.006703,
          0.493333,
          0.869815,
          0.0,
          0.0,
          0.0,
          0.0,
          1.0
        ],
        [
          0.999867,
          0.01625,
          -0.00158,
          -0.0,
          -0.014914,
          0.869697,
          -0.49336,
          1.058051,
          -0.006643,
          0.493318,
          0.869823,
          0.0,
          0.0,
          0.0,
          0.0,
          1.0
        ],
        [
          0.999868,
          0.016145,
          -0.00158,
          -0.0,
          -0.014823,
          0.869706,
          -0.493347,
          1.058051,
          -0.006591,
          0.493306,
          0.869831,
          0.0,
          0.0,
          0.0,
          0.0,
          1.0
        ],
        [
          0.99987,
          0.016054,
          -0.00158,
          -0.0,
          -0.014744,
          0.869714,
          -0.493336,
          1.058051,
          -0.006546,
          0.493295,
          0.869838,
          0.0,
          0.0,
          0.0,
          0.0,
          1.0
        ],
        [
          0.999871,
          0.015976,
          -0.00158,
          -0.0,
          -0.014676,
          0.869721,
          -0.493326,
          1.058051,
          -0.006507,
          0.493286,
          0.869843,
          0.0,
          0.0,
          0.0,
          0.0,
          1.0
        ],
        [
          0.999872,
          0.015908,
          -0.00158,
          -0.0,
          -0.014617,
          0.869727,
          -0.493317,
          1.058051,
          -0.006474,
          0.493277,
          0.869848,
          0.0,
          0.0,
          0.0,
          0.0,
          1.0
        ],
        [
          0.999873,
          0.01585,
          -0.001579,
          -0.0,
          -0.014566,
          0.869731,
          -0.49331,
          1.058051,
          -0.006445,
          0.49327,
          0.869852,
          0.0,
          0.0,
          0.0,
          0.0,
          1.0
        ],
        [
          0.999874,
          0.015799,
          -0.001579,
          -0.0,
          -0.014522,
          0.869736,
          -0.493303,
          1.058051,
          -0.00642,
          0.493264,
          0.869856,
          0.0,
          0.0,
          0.0,
          0.0,
          1.0
        ],
        [
          0.999875,
          0.015755,
          -0.001579,
          -0.0,
          -0.014484,
          0.86974,
          -0.493298,
          1.058051,
          -0.006398,
          0.493259,
          0.869859,
          0.0,
          0.0,
          0.0,
          0.0,
          1.0
        ],
        [
          0.999875,
          0.015717,
          -0.001579,
          -0.0,
          -0.014451,
          0.869743,
          -0.493293,
          1.058051,
          -0.00638,
          0.493254,
          0.869862,
          0.0,
          0.0,
          0.0,
          0.0,
          1.0
        ],
        [
          0.999876,
          0.015685,
          -0.001579,
          -0.0,
          -0.014422,
          0.869747,
          -0.493289,
          1.058051,
          -0.006364,
          0.49325,
          0.869864,
          0.0,
          0.0,
          0.0,
          0.0,
          1.0
        ],
        [
          0.999876,
          0.015657,
          -0.001579,
          -0.0,
          -0.014398,
          0.869748,
          -0.493285,
          1.058051,
          -0.00635,
          0.493247,
          0.869866,
          0.0,
          0.0,
          0.0,
          0.0,
          1.0
        ],
        [
          0.999877,
          0.015632,
          -0.001579,
          -0.0,
          -0.014377,
          0.869751,
          -0.493282,
          1.058051,
          -0.006338,
          0.493244,
          0.869868,
          0.0,
          0.0,
          0.0,
          0.0,
          1.0
        ],
        [
          0.999877,
          0.015611,
          -0.001579,
          -0.0,
          -0.014358,
          0.869753,
          -0.493279,
          1.058051,
          -0.006327,
          0.493241,
          0.86987,
          0.0,
          0.0,
          0.0,
          0.0,
          1.0
        ],
        [
          0.999877,
          0.015593,
          -0.001579,
          -0.0,
          -0.014342,
          0.869754,
          -0.493277,
          1.058051,
          -0.006318,
          0.493239,
          0.869871,
          0.0,
          0.0,
          0.0,
          0.0,
          1.0
        ],
        [
          0.999878,
          0.015577,
          -0.001579,
          -0.0,
          -0.014328,
          0.869756,
          -0.493275,
          1.058051,
          -0.00631,
          0.493237,
          0.869872,
          0.0,
          0.0,
          0.0,
          0.0,
          1.0
        ],
        [
          0.999878,
          0.015563,
          -0.001579,
          -0.0,
          -0.014317,
          0.869756,
          -0.493273,
          1.058051,
          -0.006304,
          0.493235,
          0.869873,
          0.0,
          0.0,
          0.0,
          0.0,
          1.0
        ],
        [
          0.999878,
          0.015551,
          -0.001579,
          -0.0,
          -0.014306,
          0.869758,
          -0.493272,
          1.058051,
          -0.006298,
          0.493234,
          0.869874,
          0.0,
          0.0,
          0.0,
          0.0,
          1.0
        ],
        [
          0.999878,
          0.015541,
          -0.001579,
          -0.0,
          -0.014297,
          0.869758,
          -0.49327,
          1.058051,
          -0.006293,
          0.493233,
          0.869875,
          0.0,
          0.0,
          0.0,
          0.0,
          1.0
        ],
        [
          0.999878,
          0.015532,
          -0.001579,
          -0.0,
          -0.01429,
          0.869759,
          -0.493269,
          1.058051,
          -0.006288,
          0.493232,
          0.869875,
          0.0,
          0.0,
          0.0,
          0.0,
          1.0
        ],
        [
          0.999878,
          0.015524,
          -0.001579,
          -0.0,
          -0.014283,
          0.86976,
          -0.493268,
          1.058051,
          -0.006284,
          0.493231,
          0.869876,
          0.0,
          0.0,
          0.0,
          0.0,
          1.0
        ],
        [
          0.999878,
          0.015518,
          -0.001579,
          -0.0,
          -0.014277,
          0.869761,
          -0.493268,
          1.058051,
          -0.006281,
          0.49323,
          0.869876,
          0.0,
          0.0,
          0.0,
          0.0,
          1.0
        ],
        [
          0.999879,
          0.015512,
          -0.001579,
          -0.0,
          -0.014272,
          0.869761,
          -0.493267,
          1.058051,
          -0.006279,
          0.49323,
          0.869877,
          0.0,
          0.0,
          0.0,
          0.0,
          1.0
        ]
      ]
    },
    {
      "name": "Tentacle3_2.L",
      "time": [
        0.0,
        0.0333,
        0.0667,
        0.1,
        0.1333,
        0.1667,
        0.2,
        0.2333,
        0.2667,
        0.3,
        0.3333,
        0.3667,
        0.4,
        0.4333,
        0.4667,
        0.5,
        0.5333,
        0.5667,
        0.6,
        0.6333,
        0.6667,
        0.7,
        0.7333
      ],
      "transform": [
        [
          0.999669,
          0.02474,
          -0.007002,
          -0.0,
          -0.022767,
          0.725176,
          -0.688187,
          1.413108,
          -0.011948,
          0.688119,
          0.7255,
          -0.0,
          0.0,
          0.0,
          0.0,
          1.0
        ],
        [
          0.999674,
          0.024562,
          -0.007001,
          0.0,
          -0.022638,
          0.725199,
          -0.688167,
          1.413108,
          -0.011826,
          0.688101,
          0.725519,
          -0.0,
          0.0,
          0.0,
          0.0,
          1.0
        ],
        [
          0.999677,
          0.024409,
          -0.007001,
          0.0,
          -0.022526,
          0.725219,
          -0.68815,
          1.413108,
          -0.01172,
          0.688086,
          0.725535,
          0.0,
          0.0,
          0.0,
          0.0,
          1.0
        ],
        [
          0.999681,
          0.024276,
          -0.007,
          0.0,
          -0.02243,
          0.725235,
          -0.688135,
          1.413108,
          -0.011628,
          0.688073,
          0.725548,
          0.0,
          0.0,
          0.0,
          0.0,
          1.0
        ],
        [
          0.999684,
          0.024161,
          -0.007,
          -0.0,
          -0.022346,
          0.72525,
          -0.688123,
          1.413108,
          -0.011549,
          0.688061,
          0.725561,
          0.0,
          0.0,
          0.0,
          0.0,
          1.0
        ],
        [
          0.999686,
          0.024061,
          -0.006999,
          0.0,
          -0.022274,
          0.725263,
          -0.688111,
          1.413108,
          -0.01148,
          0.688051,
          0.725571,
          0.0,
          0.0,
          0.0,
          0.0,
          1.0
        ],
        [
          0.999688,
          0.023976,
          -0.006999,
          0.0,
          -0.022212,
          0.725274,
          -0.688102,
          1.413108,
          -0.011421,
          0.688043,
          0.72558,
          -0.0,
          0.0,
          0.0,
          0.0,
          1.0
        ],
        [
          0.99969,
          0.023902,
          -0.006999,
          0.0,
          -0.022158,
          0.725283,
          -0.688094,
          1.413108,
          -0.01137,
          0.688036,
          0.725588,
          -0.0,
          0.0,
          0.0,
          0.0,
          1.0
        ],
        [
          0.999691,
          0.023838,
          -0.006999,
          -0.0,
          -0.022112,
          0.725292,
          -0.688087,
          1.413108,
          -0.011326,
          0.688029,
          0.725595,
          0.0,
          0.0,
          0.0,
          0.0,
          1.0
        ],
        [
          0.999693,
          0.023782,
          -0.006998,
          0.0,
          -0.022071,
          0.725298,
          -0.688081,
          1.413108,
          -0.011288,
          0.688024,
          0.7256,
          0.0,
          0.0,
          0.0,
          0.0,
          1.0
        ],
        [
          0.999694,
          0.023734,
          -0.006998,
          -0.0,
          -0.022036,
          0.725304,
          -0.688076,
          1.413108,
          -0.011255,
          0.688019,
          0.725605,
          0.0,
          0.0,
          0.0,
          0.0,
          1.0
        ],
        [
          0.999695,
          0.023692,
          -0.006998,
          0.0,
          -0.022006,
          0.72531,
          -0.688071,
          1.413108,
          -0.011226,
          0.688015,
          0.72561,
          0.0,
          0.0,
          0.0,
          0.0,
          1.0
        ],
        [
          0.999695,
          0.023656,
          -0.006998,
          -0.0,
          -0.02198,
          0.725314,
          -0.688067,
          1.413109,
          -0.011202,
          0.688012,
          0.725613,
          0.0,
          0.0,
          0.0,
          0.0,
          1.0
        ],
        [
          0.999696,
          0.023625,
          -0.006998,
          -0.0,
          -0.021957,
          0.725318,
          -0.688064,
          1.413108,
          -0.01118,
          0.688009,
          0.725616,
          0.0,
          0.0,
          0.0,
          0.0,
          1.0
        ],
        [
          0.999697,
          0.023599,
          -0.006998,
          0.0,
          -0.021938,
          0.725321,
          -0.688061,
          1.413108,
          -0.011162,
          0.688006,
          0.725619,
          0.0,
          0.0,
          0.0,
          0.0,
          1.0
        ],
        [
          0.999698,
          0.023576,
          -0.006998,
          0.0,
          -0.021921,
          0.725324,
          -0.688058,
          1.413108,
          -0.011146,
          0.688004,
          0.725621,
          -0.0,
          0.0,
          0.0,
          0.0,
          1.0
        ],
        [
          0.999698,
          0.023556,
          -0.006997,
          -0.0,
          -0.021907,
          0.725327,
          -0.688056,
          1.413108,
          -0.011132,
          0.688002,
          0.725624,
          -0.0,
          0.0,
          0.0,
          0.0,
          1.0
        ],
        [
          0.999698,
          0.023539,
          -0.006998,
          -0.0,
          -0.021895,
          0.725329,
          -0.688054,
          1.413109,
          -0.01112,
          0.688,
          0.725625,
          0.0,
          0.0,
          0.0,
          0.0,
          1.0
        ],
        [
          0.999699,
          0.023524,
          -0.006997,
          -0.0,
          -0.021884,
          0.725331,
          -0.688053,
          1.413108,
          -0.01111,
          0.687999,
          0.725627,
          0.0,
          0.0,
          0.0,
          0.0,
          1.0
        ],
        [
          0.999699,
          0.02351,
          -0.006997,
          0.0,
          -0.021874,
          0.725332,
          -0.688051,
          1.413108,
          -0.011101,
          0.687997,
          0.725628,
          0.0,
          0.0,
          0.0,
          0.0,
          1.0
        ],
        [
          0.9997,
          0.023499,
          -0.006997,
          -0.0,
          -0.021866,
          0.725334,
          -0.68805,
