{
  "animation": [
    {
      "name": "Root",
      "time": [
        0.0,
        0.7333
      ],
      "transform": [
        [
          1.0,
          0.0,
          0.0,
          0.0,
          0.0,
          0.0,
          -1.0,
          0.0,
          0.0,
          1.0,
          0.0,
          0.0,
          0.0,
          0.0,
          0.0,
          1.0
        ],
        [
          1.0,
          0.0,
          0.0,
          0.0,
          0.0,
          0.0,
          -1.0,
          0.0,
          0.0,
          1.0,
          0.0,
          0.0,
          0.0,
          0.0,
          0.0,
          1.0
        ]
      ]
    },
    {
      "name": "Tablet",
      "time": [
        0.0,
        0.7333
      ],
      "transform": [
        [
          1.0,
          0.0,
          0.0,
          0.0,
          0.0,
          1.0,
          0.0,
          0.4,
          0.0,
          0.0,
          1.0,
          0.0,
          0.0,
          0.0,
          0.0,
          1.0
        ],
        [
          1.0,
          0.0,
          0.0,
          0.0,
          0.0,
          1.0,
          0.0,
          0.4,
          0.0,
          0.0,
          1.0,
          0.0,
          0.0,
          0.0,
          0.0,
          1.0
        ]
      ]
    },
    {
      "name": "Tentacle1_0.L",
      "time": [
        0.0,
        0.7333
      ],
      "transform": [
        [
          -0.019433,
          -1.09884,
          0.041584,
          -0.848016,
          -0.014353,
          0.046053,
          0.99902,
          2.615983,
          -0.999708,
          0.020698,
          -0.015151,
          0.0,
          0.0,
          0.0,
          0.0,
          1.0
        ],
        [
          -0.019433,
          -1.09884,
          0.041584,
          -0.848016,
          -0.014353,
          0.046053,
          0.99902,
          2.615983,
          -0.999708,
          0.020698,
          -0.015151,
          0.0,
          0.0,
          0.0,
          0.0,
          1.0
        ]
      ]
    },
    {
      "name": "Tentacle1_1.L",
      "time": [
        0.0,
        0.0333,
        0.0667,
        0.1,
        0.1333,
        0.1667,
        0.2,
        0.2333,
        0.2667,
        0.3,
        0.3333,
        0.3667,
        0.4,
        0.4333,
        0.4667,
        0.5,
        0.5333,
        0.5667,
        0.6,
        0.6333,
        0.6667,
        0.7,
        0.7333
      ],
      "transform": [
        [
          0.806939,
          0.649558,
          -0.012273,
          -0.0,
          -0.590594,
          0.887602,
          -0.009689,
          1.057274,
          0.004179,
          0.016578,
          0.999877,
          -0.0,
          0.0,
          0.0,
          0.0,
          1.0
        ],
        [
          0.806954,
          0.649535,
          -0.01227,
          -0.0,
          -0.590577,
          0.887616,
          -0.009685,
          1.057274,
          0.00418,
          0.016573,
          0.999878,
          -0.0,
          0.0,
          0.0,
          0.0,
          1.0
        ],
        [
          0.806967,
          0.649516,
          -0.012268,
          -0.0,
          -0.590562,
          0.887627,
          -0.009682,
          1.057274,
          0.00418,
          0.016568,
          0.999878,
          -0.0,
          0.0,
          0.0,
          0.0,
          1.0
        ],
        [
          0.806978,
          0.649499,
          -0.012267,
          -0.0,
          -0.59055,
          0.887638,
          -0.00968,
          1.057274,
          0.004181,
          0.016564,
          0.999878,
          -0.0,
          0.0,
          0.0,
          0.0,
          1.0
        ],
        [
          0.806988,
          0.649485,
          -0.012265,
          -0.0,
          -0.590539,
          0.887647,
          -0.009678,
          1.057274,
          0.004181,
          0.016561,
          0.999878,
          -0.0,
          0.0,
          0.0,
          0.0,
          1.0
        ],
        [
          0.806996,
          0.649472,
          -0.012264,
          -0.0,
          -0.590529,
          0.887654,
          -0.009676,
          1.057274,
          0.004182,
          0.016558,
          0.999878,
          -0.0,
          0.0,
          0.0,
          0.0,
          1.0
        ],
        [
          0.807003,
          0.649461,
          -0.012263,
          -0.0,
          -0.590521,
          0.887661,
          -0.009675,
          1.057274,
          0.004182,
          0.016556,
          0.999878,
          -0.0,
          0.0,
          0.0,
          0.0,
          1.0
        ],
        [
          0.80701,
          0.649452,
          -0.012262,
          -0.0,
          -0.590514,
          0.887666,
          -0.009673,
          1.057274,
          0.004182,
          0.016554,
          0.999878,
          -0.0,
          0.0,
          0.0,
          0.0,
          1.0
        ],
        [
          0.807015,
          0.649444,
          -0.012261,
          -0.0,
          -0.590508,
          0.887671,
          -0.009672,
          1.057274,
          0.004183,
          0.016552,
          0.999878,
          -0.0,
          0.0,
          0.0,
          0.0,
          1.0
        ],
        [
          0.80702,
          0.649437,
          -0.01226,
          -0.0,
          -0.590502,
          0.887675,
          -0.009671,
          1.057274,
          0.004183,
          0.01655,
          0.999878,
          -0.0,
          0.0,
          0.0,
          0.0,
          1.0
        ],
        [
          0.807024,
          0.649431,
          -0.012259,
          -0.0,
          -0.590498,
          0.887679,
          -0.00967,
          1.057274,
          0.004183,
          0.016549,
          0.999878,
          -0.0,
          0.0,
          0.0,
          0.0,
          1.0
        ],
        [
          0.807027,
          0.649425,
          -0.012259,
          -0.0,
          -0.590494,
          0.887682,
          -0.00967,
          1.057274,
          0.004183,
          0.016548,
          0.999878,
          -0.0,
          0.0,
          0.0,
          0.0,
          1.0
        ],
        [
          0.80703,
          0.649421,
          -0.012258,
          -0.0,
          -0.590491,
          0.887685,
          -0.009669,
          1.057274,
          0.004183,
          0.016547,
          0.999878,
          -0.0,
          0.0,
          0.0,
          0.0,
          1.0
        ],
        [
          0.807033,
          0.649417,
          -0.012258,
          -0.0,
          -0.590488,
          0.887687,
          -0.009668,
          1.057274,
          0.004183,
          0.016546,
          0.999878,
          -0.0,
          0.0,
          0.0,
          0.0,
          1.0
        ],
        [
          0.807035,
          0.649414,
          -0.012258,
          -0.0,
          -0.590485,
          0.887689,
          -0.009668,
          1.057274,
          0.004184,
          0.016545,
          0.999878,
          -0.0,
          0.0,
          0.0,
          0.0,
          1.0
        ],
        [
          0.807037,
          0.649411,
          -0.012257,
          -0.0,
          -0.590483,
          0.887691,
          -0.009667,
          1.057274,
          0.004184,
          0.016544,
          0.999878,
          -0.0,
          0.0,
          0.0,
          0.0,
          1.0
        ],
        [
          0.807039,
          0.649408,
          -0.012257,
          -0.0,
          -0.590481,
          0.887693,
          -0.009667,
          1.057274,
          0.004184,
          0.016544,
          0.999878,
          -0.0,
          0.0,
          0.0,
          0.0,
          1.0
        ],
        [
          0.80704,
          0.649406,
          -0.012257,
          -0.0,
          -0.590479,
          0.887694,
          -0.009667,
          1.057274,
          0.004184,
          0.016543,
          0.999878,
          -0.0,
          0.0,
          0.0,
          0.0,
          1.0
        ],
        [
          0.807041,
          0.649404,
          -0.012257,
          -0.0,
          -0.590478,
          0.887695,
          -0.009667,
          1.057274,
          0.004184,
          0.016543,
          0.999878,
          -0.0,
          0.0,
          0.0,
          0.0,
          1.0
        ],
        [
          0.807043,
          0.649403,
          -0.012256,
          -0.0,
          -0.590477,
          0.887696,
          -0.009666,
          1.057274,
          0.004184,
          0.016542,
          0.999878,
          -0.0,
          0.0,
          0.0,
          0.0,
          1.0
        ],
        [
          0.807043,
          0.649401,
          -0.012256,
          -0.0,
          -0.590476,
          0.887697,
          -0.009666,
          1.057274,
          0.004184,
          0.016542,
          0.999878,
          -0.0,
          0.0,
          0.0,
          0.0,
          1.0
        ],
        [
          0.807044,
          0.6494,
          -0.012256,
          -0.0,
          -0.590475,
          0.887698,
          -0.009666,
          1.057274,
          0.004184,
          0.016542,
          0.999878,
          -0.0,
          0.0,
          0.0,
          0.0,
          1.0
        ],
        [
          0.807045,
          0.649399,
          -0.012256,
          -0.0,
          -0.590474,
          0.887699,
          -0.009666,
          1.057274,
          0.004184,
          0.016542,
          0.999878,
          -0.0,
          0.0,
          0.0,
          0.0,
          1.0
        ]
      ]
    },
    {
      "name": "Tentacle1_2.L",
      "time": [
        0.0,
        0.0333,
        0.0667,
        0.1,
        0.1333,
        0.1667,
        0.2,
        0.2333,
        0.2667,
        0.3,
        0.3333,
        0.3667,
        0.4,
        0.4333,
        0.4667,
        0.5,
        0.5333,
        0.5667,
        0.6,
        0.6333,
        0.6667,
        0.7,
        0.7333
      ],
      "transform": [
        [
          0.655926,
          0.830181,
          0.011427,
          0.0,
          -0.754781,
          0.721431,
          0.014684,
          1.413427,
          0.003583,
          -0.020079,
          0.999827,
          0.0,
          0.0,
          0.0,
          0.0,
          1.0
        ],
        [
          0.655957,
          0.830156,
          0.011432,
          -0.0,
          -0.75476,
          0.721453,
          0.014688,
          1.413427,
          0.003583,
          -0.020086,
          0.999827,
          0.0,
          0.0,
          0.0,
          0.0,
          1.0
        ],
        [
          0.655983,
          0.830135,
          0.011436,
          0.0,
          -0.754741,
          0.721472,
          0.014692,
          1.413427,
          0.003583,
          -0.020093,
          0.999827,
          0.0,
          0.0,
          0.0,
          0.0,
          1.0
        ],
        [
          0.656005,
          0.830116,
          0.011439,
          -0.0,
          -0.754725,
          0.721488,
          0.014695,
          1.413427,
          0.003583,
          -0.020098,
          0.999827,
          0.0,
          0.0,
          0.0,
          0.0,
          1.0
        ],
        [
          0.656024,
          0.8301,
          0.011442,
          0.0,
          -0.754711,
          0.721502,
          0.014697,
          1.413427,
          0.003583,
          -0.020103,
          0.999827,
          0.0,
          0.0,
          0.0,
          0.0,
          1.0
        ],
        [
          0.656042,
          0.830086,
          0.011445,
          0.0,
          -0.754699,
          0.721515,
          0.014699,
          1.413427,
          0.003583,
          -0.020107,
          0.999826,
          0.0,
          0.0,
          0.0,
          0.0,
          1.0
        ],
        [
          0.656056,
          0.830075,
          0.011447,
          -0.0,
          -0.754689,
          0.721526,
          0.014701,
          1.413427,
          0.003584,
          -0.020111,
          0.999826,
          -0.0,
          0.0,
          0.0,
          0.0,
          1.0
        ],
        [
          0.656069,
          0.830064,
          0.011449,
          0.0,
          -0.75468,
          0.721535,
          0.014703,
          1.413427,
          0.003584,
          -0.020114,
          0.999826,
          0.0,
          0.0,
          0.0,
          0.0,
          1.0
        ],
        [
          0.65608,
          0.830055,
          0.01145,
          -0.0,
          -0.754673,
          0.721543,
          0.014704,
          1.413427,
          0.003584,
          -0.020116,
          0.999826,
          0.0,
          0.0,
          0.0,
          0.0,
          1.0
        ],
        [
          0.656089,
          0.830048,
          0.011452,
          0.0,
          -0.754666,
          0.72155,
          0.014706,
          1.413427,
          0.003584,
          -0.020119,
          0.999826,
          -1e-06,
          0.0,
          0.0,
          0.0,
          1.0
        ],
        [
          0.656098,
          0.830041,
          0.011453,
          0.0,
          -0.75466,
          0.721556,
          0.014707,
          1.413427,
          0.003584,
          -0.02012,
          0.999826,
          0.0,
          0.0,
          0.0,
          0.0,
          1.0
        ],
        [
          0.656105,
          0.830035,
          0.011454,
          0.0,
          -0.754655,
          0.721561,
          0.014708,
          1.413427,
          0.003584,
          -0.020122,
          0.999826,
          -0.0,
          0.0,
          0.0,
          0.0,
          1.0
        ],
        [
          0.65611,
          0.830031,
          0.011455,
          0.0,
          -0.75465,
          0.721565,
          0.014709,
          1.413427,
          0.003584,
          -0.020124,
          0.999826,
          -0.0,
          0.0,
          0.0,
          0.0,
          1.0
        ],
        [
          0.656116,
          0.830026,
          0.011456,
          -0.0,
          -0.754647,
          0.721569,
          0.014709,
          1.413427,
          0.003584,
          -0.020125,
          0.999826,
          0.0,
          0.0,
          0.0,
          0.0,
          1.0
        ],
        [
          0.65612,
          0.830023,
          0.011456,
          0.0,
          -0.754644,
          0.721573,
          0.01471,
          1.413427,
          0.003584,
          -0.020126,
          0.999826,
          0.0,
          0.0,
          0.0,
          0.0,
          1.0
        ],
        [
          0.656124,
          0.83002,
          0.011457,
          0.0,
          -0.754641,
          0.721575,
          0.01471,
          1.413427,
          0.003584,
          -0.020127,
          0.999826,
          -0.0,
          0.0,
          0.0,
          0.0,
          1.0
        ],
        [
          0.656128,
          0.830017,
          0.011457,
          0.0,
          -0.754639,
          0.721578,
          0.014711,
          1.413427,
          0.003584,
          -0.020128,
          0.999826,
          -0.0,
          0.0,
          0.0,
          0.0,
          1.0
        ],
        [
          0.656131,
          0.830014,
          0.011458,
          0.0,
          -0.754636,
          0.72158,
          0.014711,
          1.413427,
          0.003584,
          -0.020129,
          0.999826,
          0.0,
          0.0,
          0.0,
          0.0,
          1.0
        ],
        [
          0.656133,
          0.830012,
          0.011458,
          -0.0,
          -0.754635,
          0.721582,
          0.014712,
          1.413427,
          0.003584,
          -0.020129,
          0.999826,
          0.0,
          0.0,
          0.0,
          0.0,
          1.0
        ],
        [
          0.656135,
          0.830011,
          0.011459,
          -0.0,
          -0.754633,
          0.721583,
          0.014712,
          1.413427,
          0.003584,
          -0.02013,
          0.999826,
          0.0,
          0.0,
          0.0,
          0.0,
          1.0
        ],
        [
          0.656138,
          0.830008,
          0.011459,
          -0.0,
          -0.754632,
          0.721585,
          0.014712,
          1.413427,
          0.003584,
          -0.02013,
          0.999826,
          0.0,
          0.0,
          0.0,
          0.0,
          1.0
        ],
        [
          0.656139,
          0.830007,
          0.011459,
          -0.0,
          -0.754631,
          0.721586,
          0.014712,
          1.413427,
          0.003584,
          -0.020131,
          0.999826,
          0.0,
          0.0,
          0.0,
          0.0,
          1.0
        ],
        [
          0.65614,
          0.830006,
          0.011459,
          0.0,
          -0.75463,
          0.721587,
          0.014713,
          1.413428,
          0.003584,
          -0.020131,
          0.999826,
          0.0,
          0.0,
          0.0,
          0.0,
          1.0
        ]
      ]
    },
    {
      "name": "Tentacle1_3.L",
      "time": [
        0.0,
        0.3,
        0.3333,
        0.3667,
        0.4,
        0.4333,
        0.4667,
        0.6333,
        0.6667,
        0.7,
        0.7333
      ],
      "transform": [
        [
          0.999996,
          -8e-06,
          -0.002764,
          0.0,
          0.0,
          1.099996,
          -0.002764,
          1.41333,
          0.002764,
          0.00304,
          0.999992,
          0.0,
          0.0,
          0.0,
          0.0,
          1.0
        ],
        [
          0.999996,
          -8e-06,
          -0.002764,
          0.0,
          0.0,
          1.099996,
          -0.002764,
          1.41333,
          0.002764,
          0.00304,
          0.999992,
          -0.0,
          0.0,
          0.0,
          0.0,
          1.0
        ],
        [
          0.999996,
          -8e-06,
          -0.002764,
          0.0,
          0.0,
          1.099996,
          -0.002764,
          1.413331,
          0.002764,
          0.00304,
          0.999992,
          -0.0,
          0.0,
          0.0,
          0.0,
          1.0
        ],
        [
          0.999996,
          -8e-06,
          -0.002764,
          0.0,
          -0.0,
          1.099996,
          -0.002764,
          1.41333,
          0.002764,
          0.00304,
          0.999992,
          -0.0,
          0.0,
          0.0,
          0.0,
          1.0
        ],
        [
          0.999996,
          -8e-06,
          -0.002764,
          0.0,
          -0.0,
          1.099996,
          -0.002764,
          1.41333,
          0.002764,
          0.00304,
          0.999992,
          0.0,
          0.0,
          0.0,
          0.0,
          1.0
        ],
        [
          0.999996,
          -8e-06,
          -0.002764,
          -1e-06,
          -0.0,
          1.099996,
          -0.002764,
          1.41333,
          0.002764,
          0.00304,
          0.999992,
          -0.0,
          0.0,
          0.0,
          0.0,
          1.0
        ],
        [
          0.999996,
          -8e-06,
          -0.002764,
          0.0,
          0.0,
          1.099996,
          -0.002764,
          1.41333,
          0.002764,
          0.00304,
          0.999992,
          0.0,
          0.0,
          0.0,
          0.0,
          1.0
        ],
        [
          0.999996,
          -8e-06,
          -0.002764,
          -0.0,
          -0.0,
          1.099996,
          -0.002764,
          1.41333,
          0.002764,
          0.00304,
          0.999992,
          0.0,
          0.0,
          0.0,
          0.0,
          1.0
        ],
        [
          0.999996,
          -8e-06,
          -0.002764,
          -0.0,
          -0.0,
          1.099996,
          -0.002764,
          1.41333,
          0.002764,
          0.00304,
          0.999993,
          0.0,
          0.0,
          0.0,
          0.0,
          1.0
        ],
        [
          0.999996,
          -8e-06,
          -0.002764,
          0.0,
          0.0,
          1.099996,
          -0.002764,
          1.41333,
          0.002764,
          0.00304,
          0.999992,
          0.0,
          0.0,
          0.0,
          0.0,
          1.0
        ],
        [
          0.999996,
          -8e-06,
          -0.002764,
          -0.0,
          -0.0,
          1.099996,
          -0.002764,
          1.41333,
          0.002764,
          0.00304,
          0.999992,
          0.0,
          0.0,
          0.0,
          0.0,
          1.0
        ]
      ]
    },
    {
      "name": "Tentacle2_0.L",
      "time": [
        0.0,
        0.7333
      ],
      "transform": [
        [
          0.610399,
          -0.719238,
          0.331827,
          -0.909962,
          -0.161737,
          0.296925,
          0.941104,
          1.740983,
          -0.775406,
          -0.628118,
          0.064916,
          0.0,
          0.0,
          0.0,
          0.0,
          1.0
        ],
        [
          0.610399,
          -0.719238,
          0.331827,
          -0.909962,
          -0.161737,
          0.296925,
          0.941104,
          1.740983,
          -0.775406,
          -0.628118,
          0.064916,
          0.0,
          0.0,
          0.0,
          0.0,
          1.0
        ]
      ]
    },
    {
      "name": "Tentacle2_1.L",
      "time": [
        0.0,
        0.0333,
        0.0667,
        0.1,
        0.1333,
        0.1667,
        0.2,
        0.2333,
        0.2667,
        0.3,
        0.3333,
        0.3667,
        0.4,
        0.4333,
        0.4667,
        0.5,
        0.5333,
        0.5667,
        0.6,
        0.6333,
        0.6667,
        0.7,
        0.7333
      ],
      "transform": [
        [
          0.982229,
          0.111916,
          -0.150645,
          0.0,
          -0.042981,
          0.915535,
          0.399926,
          0.995597,
          0.182678,
          -0.386344,
          0.904083,
          -0.0,
          0.0,
          0.0,
          0.0,
          1.0
        ],
        [
          0.982509,
          0.109376,
          -0.150688,
          0.0,
          -0.040667,
          0.915797,
          0.399572,
          0.995597,
          0.181702,
          -0.386456,
          0.904232,
          -0.0,
          0.0,
          0.0,
          0.0,
          1.0
        ],
        [
          0.982747,
          0.107177,
          -0.150724,
          0.0,
          -0.038664,
          0.916017,
          0.399266,
          0.995597,
          0.180857,
          -0.38655,
          0.904361,
          -0.0,
          0.0,
          0.0,
          0.0,
          1.0
        ],
        [
          0.982948,
          0.105274,
          -0.150754,
          0.0,
          -0.036931,
          0.916204,
          0.399002,
          0.995597,
          0.180126,
          -0.386631,
          0.904472,
          -0.0,
          0.0,
          0.0,
          0.0,
          1.0
        ],
        [
          0.983119,
          0.103628,
          -0.15078,
          0.0,
          -0.035432,
          0.916363,
          0.398774,
          0.995597,
          0.179493,
          -0.3867,
          0.904569,
          -0.0,
          0.0,
          0.0,
          0.0,
          1.0
        ],
        [
          0.983266,
          0.102204,
          -0.150803,
          0.0,
          -0.034135,
          0.916499,
          0.398576,
          0.995597,
          0.178946,
          -0.386759,
          0.904652,
          -0.0,
          0.0,
          0.0,
          0.0,
          1.0
        ],
        [
          0.98339,
          0.100972,
          -0.150821,
          0.0,
          -0.033013,
          0.916614,
          0.398406,
          0.995597,
          0.178473,
          -0.386809,
          0.904724,
          -0.0,
          0.0,
          0.0,
          0.0,
          1.0
        ],
        [
          0.983497,
          0.099907,
          -0.150837,
          0.0,
          -0.032043,
          0.916713,
          0.398258,
          0.995597,
          0.178064,
          -0.386853,
          0.904786,
          -0.0,
          0.0,
          0.0,
          0.0,
          1.0
        ],
        [
          0.983588,
          0.098986,
          -0.150851,
          0.0,
          -0.031204,
          0.916797,
          0.398131,
          0.995597,
          0.177709,
          -0.38689,
          0.90484,
          -0.0,
          0.0,
          0.0,
          0.0,
          1.0
        ],
        [
          0.983666,
          0.09819,
          -0.150863,
          0.0,
          -0.030479,
          0.91687,
          0.398021,
          0.995597,
          0.177403,
          -0.386921,
          0.904887,
          -0.0,
          0.0,
          0.0,
          0.0,
          1.0
        ],
        [
          0.983733,
          0.097501,
          -0.150873,
          0.0,
          -0.029851,
          0.916932,
          0.397926,
          0.995597,
          0.177139,
          -0.386949,
          0.904927,
          -0.0,
          0.0,
          0.0,
          0.0,
          1.0
        ],
        [
          0.983791,
          0.096906,
          -0.150882,
          0.0,
          -0.029309,
          0.916985,
          0.397843,
          0.995597,
          0.17691,
          -0.386972,
          0.904961,
          -0.0,
          0.0,
          0.0,
          0.0,
          1.0
        ],
        [
          0.98384,
          0.096391,
          -0.15089,
          0.0,
          -0.02884,
          0.917031,
          0.397772,
          0.995597,
          0.176712,
          -0.386993,
          0.904991,
          -0.0,
          0.0,
          0.0,
          0.0,
          1.0
        ],
        [
          0.983883,
          0.095946,
          -0.150896,
          0.0,
          -0.028434,
          0.91707,
          0.397711,
          0.995597,
          0.176541,
          -0.38701,
          0.905017,
          -0.0,
          0.0,
          0.0,
          0.0,
          1.0
        ],
        [
          0.983919,
          0.095561,
          -0.150902,
          0.0,
          -0.028083,
          0.917104,
          0.397658,
          0.995597,
          0.176393,
          -0.387025,
          0.90504,
          -0.0,
          0.0,
          0.0,
          0.0,
          1.0
        ],
        [
          0.983951,
          0.095228,
          -0.150906,
          0.0,
          -0.02778,
          0.917133,
          0.397612,
          0.995597,
          0.176265,
          -0.387038,
          0.905059,
          -0.0,
          0.0,
          0.0,
          0.0,
          1.0
        ],
        [
          0.983978,
          0.09494,
          -0.15091,
          0.0,
          -0.027518,
          0.917158,
          0.397572,
          0.995597,
          0.176154,
          -0.387049,
          0.905076,
          -0.0,
          0.0,
          0.0,
          0.0,
          1.0
        ],
        [
          0.984001,
          0.094691,
          -0.150914,
          0.0,
          -0.027292,
          0.91718,
          0.397537,
          0.995597,
          0.176059,
          -0.387059,
          0.90509,
          -0.0,
          0.0,
          0.0,
          0.0,
          1.0
        ],
        [
          0.984022,
          0.094476,
          -0.150917,
          0.0,
          -0.027096,
          0.917199,
          0.397508,
          0.995597,
          0.175976,
          -0.387067,
          0.905103,
          -0.0,
          0.0,
          0.0,
          0.0,
          1.0
        ],
        [
          0.984039,
          0.094291,
          -0.15092,
          0.0,
          -0.026926,
          0.917215,
          0.397482,
          0.995597,
          0.175905,
          -0.387075,
          0.905114,
          -0.0,
          0.0,
          0.0,
          0.0,
          1.0
        ],
        [
          0.984054,
          0.09413,
          -0.150922,
          0.0,
          -0.02678,
          0.917229,
          0.39746,
          0.995597,
          0.175843,
          -0.387081,
          0.905123,
          -0.0,
          0.0,
          0.0,
          0.0,
          1.0
        ],
        [
          0.984067,
          0.093991,
          -0.150924,
          0.0,
          -0.026653,
          0.917241,
          0.397441,
          0.995597,
          0.175789,
          -0.387086,
          0.905131,
          -0.0,
          0.0,
          0.0,
          0.0,
          1.0
        ],
        [
          0.984078,
          0.093871,
          -0.150926,
          0.0,
          -0.026544,
          0.917251,
          0.397425,
          0.995597,
          0.175743,
          -0.387091,
          0.905138,
          -0.0,
          0.0,
          0.0,
          0.0,
          1.0
        ]
      ]
    },
    {
      "name": "Tentacle2_2.L",
      "time": [
        0.0,
        0.0333,
        0.0667,
        0.1,
        0.1333,
        0.1667,
        0.2,
        0.2333,
        0.2667,
        0.3,
        0.3333,
        0.3667,
        0.4,
        0.4333,
        0.4667,
        0.5,
        0.5333,
        0.5667,
        0.6,
        0.6333,
        0.6667,
        0.7,
        0.7333
      ],
      "transform": [
        [
          0.964388,
          -0.18711,
          -0.186937,
          0.0,
          0.264401,
          0.700462,
          0.662907,
          1.413075,
          0.006906,
          -0.688725,
          0.724989,
          -0.0,
          0.0,
          0.0,
          0.0,
          1.0
        ],
        [
          0.963741,
          -0.190623,
          -0.186725,
          -0.0,
          0.266801,
          0.700293,
          0.662123,
          1.413075,
          0.004546,
          -0.687934,
          0.725759,
          -0.0,
          0.0,
          0.0,
          0.0,
          1.0
        ],
        [
          0.96316,
          -0.193637,
          -0.186534,
          0.0,
          0.26885,
          0.700127,
          0.661428,
          1.413075,
          0.002496,
          -0.687224,
          0.726426,
          0.0,
          0.0,
          0.0,
          0.0,
          1.0
        ],
        [
          0.962663,
          -0.196265,
          -0.186374,
          -0.0,
          0.270651,
          0.699982,
          0.660857,
          1.413075,
          0.000736,
          -0.686635,
          0.72699,
          0.0,
          0.0,
          0.0,
          0.0,
          1.0
        ],
        [
          0.962224,
          -0.19855,
          -0.186236,
          -0.0,
          0.272219,
          0.699839,
          0.660371,
          1.413075,
          -0.000795,
          -0.68613,
          0.72747,
          -0.0,
          0.0,
          0.0,
          0.0,
          1.0
        ],
        [
          0.961838,
          -0.200534,
          -0.186118,
          0.0,
          0.273583,
          0.699703,
          0.659958,
          1.413075,
          -0.002127,
          -0.685697,
          0.727877,
          0.0,
          0.0,
          0.0,
          0.0,
          1.0
        ],
        [
          0.961499,
          -0.202256,
          -0.186016,
          -0.0,
          0.274767,
          0.699576,
          0.659605,
          1.413075,
          -0.003284,
          -0.685325,
          0.728225,
          -0.0,
          0.0,
          0.0,
          0.0,
          1.0
        ],
        [
          0.961202,
          -0.203748,
          -0.185928,
          0.0,
          0.275796,
          0.699459,
          0.659303,
          1.413075,
          -0.004289,
          -0.685005,
          0.728522,
          0.0,
          0.0,
          0.0,
          0.0,
          1.0
        ],
        [
          0.960942,
          -0.205043,
          -0.185853,
          -0.0,
          0.276688,
          0.699352,
          0.659045,
          1.413075,
          -0.00516,
          -0.68473,
          0.728776,
          -0.0,
          0.0,
          0.0,
          0.0,
          1.0
        ],
        [
          0.960716,
          -0.206164,
          -0.185788,
          -0.0,
          0.277462,
          0.699255,
          0.658825,
          1.413075,
          -0.005916,
          -0.684494,
          0.728992,
          -0.0,
          0.0,
          0.0,
          0.0,
          1.0
        ],
        [
          0.960518,
          -0.207135,
          -0.185732,
          0.0,
          0.278132,
          0.699168,
          0.658636,
          1.413075,
          -0.006571,
          -0.684291,
          0.729178,
          0.0,
          0.0,
          0.0,
          0.0,
          1.0
        ],
        [
          0.960346,
          -0.207976,
          -0.185684,
          -0.0,
          0.278713,
          0.699091,
          0.658474,
          1.413075,
          -0.007139,
          -0.684116,
          0.729337,
          0.0,
          0.0,
          0.0,
          0.0,
          1.0
        ],
        [
          0.960197,
          -0.208703,
          -0.185642,
          0.0,
          0.279215,
          0.699022,
          0.658334,
          1.413075,
          -0.00763,
          -0.683966,
          0.729473,
          -0.0,
          0.0,
          0.0,
          0.0,
          1.0
        ],
        [
          0.960067,
          -0.209332,
          -0.185606,
          -0.0,
          0.279651,
          0.698961,
          0.658215,
          1.413076,
          -0.008055,
          -0.683836,
          0.729591,
          -0.0,
          0.0,
          0.0,
          0.0,
          1.0
        ],
        [
          0.959954,
          -0.209877,
          -0.185575,
          -0.0,
          0.280027,
          0.698907,
          0.658112,
          1.413075,
          -0.008423,
          -0.683724,
          0.729691,
          0.0,
          0.0,
          0.0,
          0.0,
          1.0
        ],
        [
          0.959857,
          -0.210347,
          -0.185549,
          0.0,
          0.280353,
          0.69886,
          0.658024,
          1.413075,
          -0.008742,
          -0.683628,
          0.729778,
          0.0,
          0.0,
          0.0,
          0.0,
          1.0
        ],
        [
          0.959772,
          -0.210755,
          -0.185526,
          0.0,
          0.280635,
          0.698819,
          0.657948,
          1.413075,
          -0.009017,
          -0.683545,
          0.729853,
          0.0,
          0.0,
          0.0,
          0.0,
          1.0
        ],
        [
          0.959698,
          -0.211107,
          -0.185506,
          0.0,
          0.280879,
          0.698782,
          0.657882,
          1.413075,
          -0.009256,
          -0.683474,
          0.729916,
          0.0,
          0.0,
          0.0,
          0.0,
          1.0
        ],
        [
          0.959634,
          -0.211412,
          -0.185489,
          0.0,
          0.28109,
          0.698751,
          0.657826,
          1.413075,
          -0.009462,
          -0.683412,
          0.729971,
          -0.0,
          0.0,
          0.0,
          0.0,
          1.0
        ],
        [
          0.959579,
          -0.211676,
          -0.185474,
          0.0,
          0.281273,
          0.698723,
          0.657778,
          1.413075,
          -0.009641,
          -0.683359,
          0.730019,
          0.0,
          0.0,
          0.0,
          0.0,
          1.0
        ],
        [
          0.959532,
          -0.211903,
          -0.185462,
          0.0,
          0.281431,
          0.698699,
          0.657736,
          1.413075,
          -0.009795,
          -0.683313,
          0.73006,
          0.0,
          0.0,
          0.0,
          0.0,
          1.0
        ],
        [
          0.95949,
          -0.2121,
          -0.185451,
          0.0,
          0.281567,
          0.698678,
          0.6577,
          1.413075,
          -0.009928,
          -0.683273,
          0.730095,
          -0.0,
          0.0,
          0.0,
          0.0,
          1.0
        ],
        [
          0.959454,
          -0.21227,
          -0.185441,
          -0.0,
          0.281685,
          0.69866,
          0.657668,
          1.413075,
          -0.010043,
          -0.683239,
          0.730125,
          0.0,
          0.0,
          0.0,
          0.0,
          1.0
        ]
      ]
    },
    {
      "name": "Tentacle2_3.L",
      "time": [
        0.0,
        0.0333,
        0.0667,
        0.1,
        0.1333,
        0.2667,
        0.3,
        0.3333,
        0.3667,
        0.4,
        0.4333,
        0.4667,
        0.5,
        0.5333,
        0.5667,
        0.6,
        0.7333
      ],
      "transform": [
        [
          0.988555,
          -0.124882,
          0.084639,
          0.0,
          0.075957,
          0.896747,
          0.435975,
          1.413327,
          -0.130345,
          -0.424557,
          0.89597,
          -0.0,
          0.0,
          0.0,
          0.0,
          1.0
        ],
        [
          0.988555,
          -0.124882,
          0.084639,
          0.0,
          0.075957,
          0.896748,
          0.435975,
          1.413327,
          -0.130345,
          -0.424557,
          0.89597,
          0.0,
          0.0,
          0.0,
          0.0,
          1.0
        ],
        [
          0.988555,
          -0.124882,
          0.084639,
          -0.0,
          0.075957,
          0.896748,
          0.435975,
          1.413327,
          -0.130345,
          -0.424557,
          0.89597,
          -0.0,
          0.0,
          0.0,
          0.0,
          1.0
        ],
        [
          0.988555,
          -0.124882,
          0.084639,
          -0.0,
          0.075956,
          0.896748,
          0.435975,
          1.413327,
          -0.130345,
          -0.424557,
          0.89597,
          0.0,
          0.0,
          0.0,
          0.0,
          1.0
        ],
        [
          0.988555,
          -0.124882,
          0.084639,
          -0.0,
          0.075957,
          0.896748,
          0.435975,
          1.413327,
          -0.130345,
          -0.424557,
          0.89597,
          0.0,
          0.0,
          0.0,
          0.0,
          1.0
        ],
        [
          0.988555,
          -0.124882,
          0.084639,
          0.0,
          0.075957,
          0.896748,
          0.435975,
          1.413327,
          -0.130345,
          -0.424557,
          0.89597,
          0.0,
          0.0,
          0.0,
          0.0,
          1.0
        ],
        [
          0.988555,
          -0.124882,
          0.084639,
          0.0,
          0.075956,
          0.896748,
          0.435975,
          1.413327,
          -0.130345,
          -0.424557,
          0.89597,
          -0.0,
          0.0,
          0.0,
          0.0,
          1.0
        ],
        [
          0.988555,
          -0.124882,
          0.084639,
          -0.0,
          0.075957,
          0.896748,
          0.435975,
          1.413327,
          -0.130345,
          -0.424557,
          0.89597,
          -0.0,
          0.0,
          0.0,
          0.0,
          1.0
        ],
        [
          0.988555,
          -0.124882,
          0.084639,
          -0.0,
          0.075957,
          0.896748,
          0.435975,
