{
  "animation": [
    {
      "name": "Root",
      "time": [
        0.0,
        1.4333
      ],
      "transform": [
        [
          1.0,
          0.0,
          0.0,
          0.0,
          0.0,
          0.0,
          -1.0,
          0.0,
          0.0,
          1.0,
          0.0,
          0.0,
          0.0,
          0.0,
          0.0,
          1.0
        ],
        [
          1.0,
          0.0,
          0.0,
          0.0,
          0.0,
          0.0,
          -1.0,
          0.0,
          0.0,
          1.0,
          0.0,
          0.0,
          0.0,
          0.0,
          0.0,
          1.0
        ]
      ]
    },
    {
      "name": "Tablet",
      "time": [
        0.0,
        1.4333
      ],
      "transform": [
        [
          1.0,
          0.0,
          0.0,
          0.0,
          0.0,
          1.0,
          0.0,
          0.4,
          0.0,
          0.0,
          1.0,
          0.0,
          0.0,
          0.0,
          0.0,
          1.0
        ],
        [
          1.0,
          0.0,
          0.0,
          0.0,
          0.0,
          1.0,
          0.0,
          0.4,
          0.0,
          0.0,
          1.0,
          0.0,
          0.0,
          0.0,
          0.0,
          1.0
        ]
      ]
    },
    {
      "name": "Tentacle1_0.L",
      "time": [
        0.0,
        1.4333
      ],
      "transform": [
        [
          -0.019433,
          -1.198735,
          0.041584,
          -0.848016,
          -0.014353,
          0.050239,
          0.99902,
          2.615983,
          -0.999708,
          0.02258,
          -0.015151,
          0.0,
          0.0,
          0.0,
          0.0,
          1.0
        ],
        [
          -0.019433,
          -1.198735,
          0.041584,
          -0.848016,
          -0.014353,
          0.050239,
          0.99902,
          2.615983,
          -0.999708,
          0.02258,
          -0.015151,
          0.0,
          0.0,
          0.0,
          0.0,
          1.0
        ]
      ]
    },
    {
      "name": "Tentacle1_1.L",
      "time": [
        0.0,
        1.4333
      ],
      "transform": [
        [
          0.807048,
          0.708428,
          -0.012255,
          0.0,
          -0.590469,
          0.968402,
          -0.009664,
          1.057274,
          0.004184,
          0.018043,
          0.999878,
          -0.0,
          0.0,
          0.0,
          0.0,
          1.0
        ],
        [
          0.807048,
          0.708428,
          -0.012255,
          0.0,
          -0.590469,
          0.968402,
          -0.009664,
          1.057274,
          0.004184,
          0.018043,
          0.999878,
          -0.0,
          0.0,
          0.0,
          0.0,
          1.0
        ]
      ]
    },
    {
      "name": "Tentacle1_2.L",
      "time": [
        0.0,
        0.0333,
        0.0667,
        0.1,
        0.1333,
        0.1667,
        0.2,
        0.2333,
        0.2667,
        0.3,
        0.3333,
        0.3667,
        0.4,
        0.4333,
        0.4667,
        0.5,
        0.5333,
        0.5667,
        0.6,
        0.6333,
        0.6667,
        0.7,
        0.7333,
        0.7667,
        0.8,
        0.8333,
        0.8667,
        0.9,
        0.9333,
        0.9667,
        1.0,
        1.0333,
        1.0667,
        1.1,
        1.1333,
        1.1667,
        1.2,
        1.2333,
        1.2667,
        1.3,
        1.3333,
        1.3667,
        1.4,
        1.4333
      ],
      "transform": [
        [
          0.65615,
          0.905454,
          0.011461,
          -0.0,
          -0.754624,
          0.787193,
          0.014714,
          1.413427,
          0.003584,
          -0.021963,
          0.999826,
          0.0,
          0.0,
          0.0,
          0.0,
          1.0
        ],
        [
          0.65615,
          0.905454,
          0.011461,
          -0.0,
          -0.754623,
          0.787193,
          0.014714,
          1.413427,
          0.003584,
          -0.021963,
          0.999826,
          0.0,
          0.0,
          0.0,
          0.0,
          1.0
        ],
        [
          0.65615,
          0.905454,
          0.011461,
          -0.0,
          -0.754624,
          0.787193,
          0.014714,
          1.413427,
          0.003584,
          -0.021963,
          0.999826,
          0.0,
          0.0,
          0.0,
          0.0,
          1.0
        ],
        [
          0.65615,
          0.905454,
          0.011461,
          -0.0,
          -0.754623,
          0.787193,
          0.014714,
          1.413427,
          0.003584,
          -0.021963,
          0.999826,
          0.0,
          0.0,
          0.0,
          0.0,
          1.0
        ],
        [
          0.65615,
          0.905454,
          0.011461,
          -0.0,
          -0.754624,
          0.787193,
          0.014714,
          1.413427,
          0.003584,
          -0.021963,
          0.999826,
          0.0,
          0.0,
          0.0,
          0.0,
          1.0
        ],
        [
          0.65615,
          0.905454,
          0.011461,
          -0.0,
          -0.754623,
          0.787193,
          0.014714,
          1.413427,
          0.003584,
          -0.021963,
          0.999826,
          0.0,
          0.0,
          0.0,
          0.0,
          1.0
        ],
        [
          0.65615,
          0.905454,
          0.011461,
          -0.0,
          -0.754624,
          0.787193,
          0.014714,
          1.413427,
          0.003584,
          -0.021963,
          0.999826,
          0.0,
          0.0,
          0.0,
          0.0,
          1.0
        ],
        [
          0.65615,
          0.905454,
          0.011461,
          -0.0,
          -0.754623,
          0.787193,
          0.014714,
          1.413427,
          0.003584,
          -0.021963,
          0.999826,
          0.0,
          0.0,
          0.0,
          0.0,
          1.0
        ],
        [
          0.65615,
          0.905454,
          0.011461,
          -0.0,
          -0.754624,
          0.787193,
          0.014714,
          1.413427,
          0.003584,
          -0.021963,
          0.999826,
          0.0,
          0.0,
          0.0,
          0.0,
          1.0
        ],
        [
          0.65615,
          0.905454,
          0.011461,
          -0.0,
          -0.754623,
          0.787193,
          0.014714,
          1.413427,
          0.003584,
          -0.021963,
          0.999826,
          0.0,
          0.0,
          0.0,
          0.0,
          1.0
        ],
        [
          0.65615,
          0.905454,
          0.011461,
          -0.0,
          -0.754624,
          0.787193,
          0.014714,
          1.413427,
          0.003584,
          -0.021963,
          0.999826,
          0.0,
          0.0,
          0.0,
          0.0,
          1.0
        ],
        [
          0.65615,
          0.905454,
          0.011461,
          -0.0,
          -0.754623,
          0.787193,
          0.014714,
          1.413427,
          0.003584,
          -0.021963,
          0.999826,
          0.0,
          0.0,
          0.0,
          0.0,
          1.0
        ],
        [
          0.65615,
          0.905454,
          0.011461,
          -0.0,
          -0.754624,
          0.787193,
          0.014714,
          1.413427,
          0.003584,
          -0.021963,
          0.999826,
          0.0,
          0.0,
          0.0,
          0.0,
          1.0
        ],
        [
          0.65615,
          0.905454,
          0.011461,
          -0.0,
          -0.754623,
          0.787193,
          0.014714,
          1.413427,
          0.003584,
          -0.021963,
          0.999826,
          0.0,
          0.0,
          0.0,
          0.0,
          1.0
        ],
        [
          0.65615,
          0.905454,
          0.011461,
          -0.0,
          -0.754624,
          0.787193,
          0.014714,
          1.413427,
          0.003584,
          -0.021963,
          0.999826,
          0.0,
          0.0,
          0.0,
          0.0,
          1.0
        ],
        [
          0.65615,
          0.905454,
          0.011461,
          -0.0,
          -0.754623,
          0.787193,
          0.014714,
          1.413427,
          0.003584,
          -0.021963,
          0.999826,
          0.0,
          0.0,
          0.0,
          0.0,
          1.0
        ],
        [
          0.65615,
          0.905454,
          0.011461,
          -0.0,
          -0.754624,
          0.787193,
          0.014714,
          1.413427,
          0.003584,
          -0.021963,
          0.999826,
          0.0,
          0.0,
          0.0,
          0.0,
          1.0
        ],
        [
          0.65615,
          0.905454,
          0.011461,
          -0.0,
          -0.754623,
          0.787193,
          0.014714,
          1.413427,
          0.003584,
          -0.021963,
          0.999826,
          0.0,
          0.0,
          0.0,
          0.0,
          1.0
        ],
        [
          0.65615,
          0.905454,
          0.011461,
          -0.0,
          -0.754624,
          0.787193,
          0.014714,
          1.413427,
          0.003584,
          -0.021963,
          0.999826,
          0.0,
          0.0,
          0.0,
          0.0,
          1.0
        ],
        [
          0.65615,
          0.905454,
          0.011461,
          -0.0,
          -0.754623,
          0.787193,
          0.014714,
          1.413427,
          0.003584,
          -0.021963,
          0.999826,
          0.0,
          0.0,
          0.0,
          0.0,
          1.0
        ],
        [
          0.65615,
          0.905454,
          0.011461,
          -0.0,
          -0.754624,
          0.787193,
          0.014714,
          1.413427,
          0.003584,
          -0.021963,
          0.999826,
          0.0,
          0.0,
          0.0,
          0.0,
          1.0
        ],
        [
          0.65615,
          0.905454,
          0.011461,
          -0.0,
          -0.754623,
          0.787193,
          0.014714,
          1.413427,
          0.003584,
          -0.021963,
          0.999826,
          0.0,
          0.0,
          0.0,
          0.0,
          1.0
        ],
        [
          0.65615,
          0.905454,
          0.011461,
          -0.0,
          -0.754624,
          0.787193,
          0.014714,
          1.413427,
          0.003584,
          -0.021963,
          0.999826,
          0.0,
          0.0,
          0.0,
          0.0,
          1.0
        ],
        [
          0.65615,
          0.905454,
          0.011461,
          -0.0,
          -0.754623,
          0.787193,
          0.014714,
          1.413427,
          0.003584,
          -0.021963,
          0.999826,
          0.0,
          0.0,
          0.0,
          0.0,
          1.0
        ],
        [
          0.65615,
          0.905454,
          0.011461,
          -0.0,
          -0.754624,
          0.787193,
          0.014714,
          1.413427,
          0.003584,
          -0.021963,
          0.999826,
          0.0,
          0.0,
          0.0,
          0.0,
          1.0
        ],
        [
          0.65615,
          0.905454,
          0.011461,
          -0.0,
          -0.754623,
          0.787193,
          0.014714,
          1.413427,
          0.003584,
          -0.021963,
          0.999826,
          0.0,
          0.0,
          0.0,
          0.0,
          1.0
        ],
        [
          0.65615,
          0.905454,
          0.011461,
          -0.0,
          -0.754624,
          0.787193,
          0.014714,
          1.413427,
          0.003584,
          -0.021963,
          0.999826,
          0.0,
          0.0,
          0.0,
          0.0,
          1.0
        ],
        [
          0.65615,
          0.905454,
          0.011461,
          -0.0,
          -0.754623,
          0.787193,
          0.014714,
          1.413427,
          0.003584,
          -0.021963,
          0.999826,
          0.0,
          0.0,
          0.0,
          0.0,
          1.0
        ],
        [
          0.65615,
          0.905454,
          0.011461,
          -0.0,
          -0.754624,
          0.787193,
          0.014714,
          1.413427,
          0.003584,
          -0.021963,
          0.999826,
          0.0,
          0.0,
          0.0,
          0.0,
          1.0
        ],
        [
          0.65615,
          0.905454,
          0.011461,
          -0.0,
          -0.754623,
          0.787193,
          0.014714,
          1.413427,
          0.003584,
          -0.021963,
          0.999826,
          0.0,
          0.0,
          0.0,
          0.0,
          1.0
        ],
        [
          0.65615,
          0.905454,
          0.011461,
          -0.0,
          -0.754624,
          0.787193,
          0.014714,
          1.413427,
          0.003584,
          -0.021963,
          0.999826,
          0.0,
          0.0,
          0.0,
          0.0,
          1.0
        ],
        [
          0.65615,
          0.905454,
          0.011461,
          -0.0,
          -0.754623,
          0.787193,
          0.014714,
          1.413427,
          0.003584,
          -0.021963,
          0.999826,
          0.0,
          0.0,
          0.0,
          0.0,
          1.0
        ],
        [
          0.65615,
          0.905454,
          0.011461,
          -0.0,
          -0.754624,
          0.787193,
          0.014714,
          1.413427,
          0.003584,
          -0.021963,
          0.999826,
          0.0,
          0.0,
          0.0,
          0.0,
          1.0
        ],
        [
          0.65615,
          0.905454,
          0.011461,
          -0.0,
          -0.754623,
          0.787193,
          0.014714,
          1.413427,
          0.003584,
          -0.021963,
          0.999826,
          0.0,
          0.0,
          0.0,
          0.0,
          1.0
        ],
        [
          0.65615,
          0.905454,
          0.011461,
          -0.0,
          -0.754624,
          0.787193,
          0.014714,
          1.413427,
          0.003584,
          -0.021963,
          0.999826,
          0.0,
          0.0,
          0.0,
          0.0,
          1.0
        ],
        [
          0.65615,
          0.905454,
          0.011461,
          -0.0,
          -0.754623,
          0.787193,
          0.014714,
          1.413427,
          0.003584,
          -0.021963,
          0.999826,
          0.0,
          0.0,
          0.0,
          0.0,
          1.0
        ],
        [
          0.65615,
          0.905454,
          0.011461,
          -0.0,
          -0.754624,
          0.787193,
          0.014714,
          1.413427,
          0.003584,
          -0.021963,
          0.999826,
          0.0,
          0.0,
          0.0,
          0.0,
          1.0
        ],
        [
          0.65615,
          0.905454,
          0.011461,
          -0.0,
          -0.754623,
          0.787193,
          0.014714,
          1.413427,
          0.003584,
          -0.021963,
          0.999826,
          0.0,
          0.0,
          0.0,
          0.0,
          1.0
        ],
        [
          0.65615,
          0.905454,
          0.011461,
          -0.0,
          -0.754624,
          0.787193,
          0.014714,
          1.413427,
          0.003584,
          -0.021963,
          0.999826,
          0.0,
          0.0,
          0.0,
          0.0,
          1.0
        ],
        [
          0.65615,
          0.905454,
          0.011461,
          -0.0,
          -0.754623,
          0.787193,
          0.014714,
          1.413427,
          0.003584,
          -0.021963,
          0.999826,
          0.0,
          0.0,
          0.0,
          0.0,
          1.0
        ],
        [
          0.65615,
          0.905454,
          0.011461,
          -0.0,
          -0.754624,
          0.787193,
          0.014714,
          1.413427,
          0.003584,
          -0.021963,
          0.999826,
          0.0,
          0.0,
          0.0,
          0.0,
          1.0
        ],
        [
          0.65615,
          0.905454,
          0.011461,
          -0.0,
          -0.754623,
          0.787193,
          0.014714,
          1.413427,
          0.003584,
          -0.021963,
          0.999826,
          0.0,
          0.0,
          0.0,
          0.0,
          1.0
        ],
        [
          0.65615,
          0.905454,
          0.011461,
          -0.0,
          -0.754624,
          0.787193,
          0.014714,
          1.413427,
          0.003584,
          -0.021963,
          0.999826,
          0.0,
          0.0,
          0.0,
          0.0,
          1.0
        ],
        [
          0.65615,
          0.905454,
          0.011461,
          -0.0,
          -0.754623,
          0.787193,
          0.014714,
          1.413427,
          0.003584,
          -0.021963,
          0.999826,
          0.0,
          0.0,
          0.0,
          0.0,
          1.0
        ]
      ]
    },
    {
      "name": "Tentacle1_3.L",
      "time": [
        0.0,
        1.4333
      ],
      "transform": [
        [
          0.920492,
          0.430366,
          0.155156,
          0.0,
          -0.345552,
          1.118964,
          -0.105321,
          1.41333,
          -0.18245,
          0.051999,
          0.98226,
          0.0,
          0.0,
          0.0,
          0.0,
          1.0
        ],
        [
          0.920492,
          0.430366,
          0.155156,
          -0.0,
          -0.345552,
          1.118964,
          -0.105321,
          1.41333,
          -0.18245,
          0.051999,
          0.98226,
          -0.0,
          0.0,
          0.0,
          0.0,
          1.0
        ]
      ]
    },
    {
      "name": "Tentacle2_0.L",
      "time": [
        0.0,
        1.4333
      ],
      "transform": [
        [
          0.610399,
          -0.719238,
          0.331827,
          -0.909962,
          -0.161737,
          0.296925,
          0.941104,
          1.740983,
          -0.775406,
          -0.628118,
          0.064916,
          0.0,
          0.0,
          0.0,
          0.0,
          1.0
        ],
        [
          0.610399,
          -0.719238,
          0.331827,
          -0.909962,
          -0.161737,
          0.296925,
          0.941104,
          1.740983,
          -0.775406,
          -0.628118,
          0.064916,
          0.0,
          0.0,
          0.0,
          0.0,
          1.0
        ]
      ]
    },
    {
      "name": "Tentacle2_1.L",
      "time": [
        0.0,
        1.4333
      ],
      "transform": [
        [
          0.984149,
          0.093105,
          -0.150937,
          0.0,
          -0.025847,
          0.917316,
          0.397319,
          0.995597,
          0.175449,
          -0.38712,
          0.905183,
          -0.0,
          0.0,
          0.0,
          0.0,
          1.0
        ],
        [
          0.984149,
          0.093105,
          -0.150937,
          0.0,
          -0.025847,
          0.917316,
          0.397319,
          0.995597,
          0.175449,
          -0.38712,
          0.905183,
          -0.0,
          0.0,
          0.0,
          0.0,
          1.0
        ]
      ]
    },
    {
      "name": "Tentacle2_2.L",
      "time": [
        0.0,
        1.4333
      ],
      "transform": [
        [
          0.959225,
          -0.213356,
          -0.185381,
          0.0,
          0.282437,
          0.698541,
          0.657472,
          1.413075,
          -0.010779,
          -0.683022,
          0.730318,
          0.0,
          0.0,
          0.0,
          0.0,
          1.0
        ],
        [
          0.959225,
          -0.213356,
          -0.185381,
          0.0,
          0.282437,
          0.698541,
          0.657472,
          1.413075,
          -0.010779,
          -0.683022,
          0.730318,
          0.0,
          0.0,
          0.0,
          0.0,
          1.0
        ]
      ]
    },
    {
      "name": "Tentacle2_3.L",
      "time": [
        0.0,
        1.4333
      ],
      "transform": [
        [
          0.988555,
          -0.124882,
          0.084639,
          -0.0,
          0.075957,
          0.896748,
          0.435975,
          1.413327,
          -0.130345,
          -0.424557,
          0.89597,
          -0.0,
          0.0,
          0.0,
          0.0,
          1.0
        ],
        [
          0.988555,
          -0.124882,
          0.084639,
          -0.0,
          0.075957,
          0.896748,
          0.435975,
          1.413327,
          -0.130345,
          -0.424557,
          0.89597,
          -0.0,
          0.0,
          0.0,
          0.0,
          1.0
        ]
      ]
    },
    {
      "name": "Tentacle3_0.L",
      "time": [
        0.0,
        1.4333
      ],
      "transform": [
        [
          -0.005986,
          -0.69736,
          -0.716696,
          -0.972423,
          -0.008539,
          -0.716647,
          0.697384,
          0.858281,
          -0.999946,
          0.010294,
          -0.001665,
          0.0,
          0.0,
          0.0,
          0.0,
          1.0
        ],
        [
          -0.005986,
          -0.69736,
          -0.716696,
          -0.972423,
          -0.008539,
          -0.716647,
          0.697384,
          0.858281,
          -0.999946,
          0.010294,
          -0.001665,
          0.0,
          0.0,
          0.0,
          0.0,
          1.0
        ]
      ]
    },
    {
      "name": "Tentacle3_1.L",
      "time": [
        0.0,
        0.0333,
        0.0667,
        0.1,
        0.1333,
        0.1667,
        0.2,
        0.2333,
        0.2667,
        0.3,
        0.3333,
        0.3667,
        1.4333
      ],
      "transform": [
        [
          0.99963,
          0.025497,
          -0.001574,
          -0.0,
          -0.02295,
          0.869649,
          -0.493078,
          1.058051,
          -0.011213,
          0.492921,
          0.869982,
          0.0,
          0.0,
          0.0,
          0.0,
          1.0
        ],
        [
          0.999812,
          0.019048,
          -0.001577,
          -0.0,
          -0.017347,
          0.869742,
          -0.493194,
          1.058051,
          -0.008024,
          0.493128,
          0.869917,
          0.0,
          0.0,
          0.0,
          0.0,
          1.0
        ],
        [
          0.999858,
          0.016748,
          -0.001578,
          -0.0,
          -0.015347,
          0.869759,
          -0.493238,
          1.058051,
          -0.006888,
          0.493192,
          0.869893,
          0.0,
          0.0,
          0.0,
          0.0,
          1.0
        ],
        [
          0.999872,
          0.015929,
          -0.001578,
          -0.0,
          -0.014635,
          0.869762,
          -0.493253,
          1.058051,
          -0.006484,
          0.493213,
          0.869884,
          0.0,
          0.0,
          0.0,
          0.0,
          1.0
        ],
        [
          0.999877,
          0.015637,
          -0.001579,
          -0.0,
          -0.014381,
          0.869763,
          -0.493259,
          1.058051,
          -0.00634,
          0.493221,
          0.869881,
          0.0,
          0.0,
          0.0,
          0.0,
          1.0
        ],
        [
          0.999878,
          0.015534,
          -0.001579,
          -0.0,
          -0.014291,
          0.869764,
          -0.493261,
          1.058051,
          -0.006289,
          0.493224,
          0.86988,
          0.0,
          0.0,
          0.0,
          0.0,
          1.0
        ],
        [
          0.999879,
          0.015497,
          -0.001579,
          -0.0,
          -0.014259,
          0.869764,
          -0.493262,
          1.058051,
          -0.006271,
          0.493225,
          0.86988,
          0.0,
          0.0,
          0.0,
          0.0,
          1.0
        ],
        [
          0.999879,
          0.015484,
          -0.001579,
          -0.0,
          -0.014247,
          0.869764,
          -0.493262,
          1.058051,
          -0.006264,
          0.493225,
          0.869879,
          0.0,
          0.0,
          0.0,
          0.0,
          1.0
        ],
        [
          0.999879,
          0.015479,
          -0.001579,
          -0.0,
          -0.014243,
          0.869764,
          -0.493262,
          1.058051,
          -0.006262,
          0.493225,
          0.869879,
          0.0,
          0.0,
          0.0,
          0.0,
          1.0
        ],
        [
          0.999879,
          0.015477,
          -0.001579,
          -0.0,
          -0.014242,
          0.869764,
          -0.493262,
          1.058051,
          -0.006261,
          0.493225,
          0.869879,
          0.0,
          0.0,
          0.0,
          0.0,
          1.0
        ],
        [
          0.999879,
          0.015477,
          -0.001579,
          -0.0,
          -0.014241,
          0.869764,
          -0.493262,
          1.058051,
          -0.006261,
          0.493225,
          0.869879,
          0.0,
          0.0,
          0.0,
          0.0,
          1.0
        ],
        [
          0.999879,
          0.015476,
          -0.001579,
          -0.0,
          -0.014241,
          0.869764,
          -0.493262,
          1.058051,
          -0.006261,
          0.493225,
          0.869879,
          0.0,
          0.0,
          0.0,
          0.0,
          1.0
        ],
        [
          0.999879,
          0.015476,
          -0.001579,
          -0.0,
          -0.014241,
          0.869764,
          -0.493262,
          1.058051,
          -0.006261,
          0.493225,
          0.869879,
          0.0,
          0.0,
          0.0,
          0.0,
          1.0
        ]
      ]
    },
    {
      "name": "Tentacle3_2.L",
      "time": [
        0.0,
        0.0333,
        0.0667,
        0.1,
        0.1333,
        0.1667,
        0.2,
        0.2333,
        0.2667,
        0.3,
        0.3333,
        0.3667,
        0.4,
        0.4333,
        1.4333
      ],
      "transform": [
        [
          0.998443,
          0.055365,
          -0.006867,
          0.0,
          -0.045003,
          0.726524,
          -0.685666,
          1.413108,
          -0.032971,
          0.684908,
          0.727884,
          0.0,
          0.0,
          0.0,
          0.0,
          1.0
        ],
        [
          0.999264,
          0.03773,
          -0.006964,
          -0.0,
          -0.03219,
          0.725705,
          -0.687253,
          1.413108,
          -0.020876,
          0.686971,
          0.726385,
          -0.0,
          0.0,
          0.0,
          0.0,
          1.0
        ],
        [
          0.999522,
          0.029512,
          -0.006987,
          -0.0,
          -0.026231,
          0.725443,
          -0.687762,
          1.413108,
          -0.015221,
          0.687624,
          0.7259,
          0.0,
          0.0,
          0.0,
          0.0,
          1.0
        ],
        [
          0.999637,
          0.02592,
          -0.006994,
          0.0,
          -0.023622,
          0.725376,
          -0.687945,
          1.413108,
          -0.012757,
          0.687861,
          0.725729,
          -0.0,
          0.0,
          0.0,
          0.0,
          1.0
        ],
        [
          0.999677,
          0.024423,
          -0.006996,
          -0.0,
          -0.022536,
          0.725353,
          -0.688008,
          1.413108,
          -0.011728,
          0.687943,
          0.72567,
          0.0,
          0.0,
          0.0,
          0.0,
          1.0
        ],
        [
          0.999692,
          0.023817,
          -0.006997,
          -0.0,
          -0.022097,
          0.725345,
          -0.68803,
          1.413108,
          -0.011312,
          0.687973,
          0.725648,
          0.0,
          0.0,
          0.0,
          0.0,
          1.0
        ],
        [
          0.999698,
          0.023578,
          -0.006997,
          0.0,
          -0.021923,
          0.725343,
          -0.688038,
          1.413108,
          -0.011148,
          0.687983,
          0.725641,
          -0.0,
          0.0,
          0.0,
          0.0,
          1.0
        ],
        [
          0.9997,
          0.023485,
          -0.006997,
          -0.0,
          -0.021856,
          0.725343,
          -0.688041,
          1.413108,
          -0.011084,
          0.687987,
          0.725638,
          0.0,
          0.0,
          0.0,
          0.0,
          1.0
        ],
        [
          0.999701,
          0.023449,
          -0.006997,
          0.0,
          -0.02183,
          0.725343,
          -0.688042,
          1.413108,
          -0.011059,
          0.687989,
          0.725637,
          0.0,
          0.0,
          0.0,
          0.0,
          1.0
        ],
        [
          0.999701,
          0.023436,
          -0.006997,
          0.0,
          -0.02182,
          0.725343,
          -0.688042,
          1.413108,
          -0.01105,
          0.687989,
          0.725637,
          0.0,
          0.0,
          0.0,
          0.0,
          1.0
        ],
        [
          0.999701,
          0.023431,
          -0.006997,
          0.0,
          -0.021816,
          0.725343,
          -0.688042,
          1.413108,
          -0.011046,
          0.687989,
          0.725637,
          0.0,
          0.0,
          0.0,
          0.0,
          1.0
        ],
        [
          0.999701,
          0.023429,
          -0.006997,
          -0.0,
          -0.021815,
          0.725343,
          -0.688042,
          1.413108,
          -0.011045,
          0.687989,
          0.725637,
          0.0,
          0.0,
          0.0,
          0.0,
          1.0
        ],
        [
          0.999701,
          0.023428,
          -0.006997,
          -0.0,
          -0.021814,
          0.725343,
          -0.688042,
          1.413108,
          -0.011044,
          0.687989,
          0.725637,
          0.0,
          0.0,
          0.0,
          0.0,
          1.0
        ],
        [
          0.999701,
          0.023428,
          -0.006997,
          -0.0,
          -0.021814,
          0.725342,
          -0.688042,
          1.413108,
          -0.011044,
          0.687989,
          0.725637,
          0.0,
          0.0,
          0.0,
          0.0,
          1.0
        ],
        [
          0.999701,
          0.023428,
          -0.006997,
          -0.0,
          -0.021814,
          0.725342,
          -0.688042,
          1.413108,
          -0.011044,
          0.687989,
          0.725637,
          0.0,
          0.0,
          0.0,
          0.0,
          1.0
        ]
      ]
    },
    {
      "name": "Tentacle3_3.L",
      "time": [
        0.0,
        0.0333,
        0.0667,
        0.1,
        0.1333,
        0.2,
        0.2333,
        0.2667,
        0.3,
        0.3667,
        0.4,
        0.4333,
        0.4667,
        1.4333
      ],
      "transform": [
        [
          0.999896,
          0.0081,
          -0.011956,
          0.0,
          -0.008395,
          0.999656,
          -0.024831,
          1.413325,
          0.011751,
          0.024929,
          0.99962,
          -0.0,
          0.0,
          0.0,
          0.0,
          1.0
        ],
        [
          0.999896,
          0.0081,
          -0.011956,
          0.0,
          -0.008395,
          0.999656,
          -0.024831,
          1.413325,
          0.011751,
          0.024929,
          0.99962,
          -0.0,
          0.0,
          0.0,
          0.0,
          1.0
        ],
        [
          0.999896,
          0.0081,
          -0.011956,
          -0.0,
          -0.008395,
          0.999656,
          -0.024831,
          1.413324,
          0.011751,
          0.024929,
          0.99962,
          0.0,
          0.0,
          0.0,
          0.0,
          1.0
        ],
        [
          0.999896,
          0.0081,
          -0.011956,
          -0.0,
          -0.008395,
          0.999656,
          -0.024831,
          1.413325,
          0.011751,
          0.024929,
          0.99962,
          -0.0,
          0.0,
          0.0,
          0.0,
          1.0
        ],
        [
          0.999896,
          0.0081,
          -0.011956,
          0.0,
          -0.008395,
          0.999656,
          -0.024831,
          1.413324,
          0.011751,
          0.024929,
          0.99962,
          0.0,
          0.0,
          0.0,
          0.0,
          1.0
        ],
        [
          0.999896,
          0.0081,
          -0.011956,
          -0.0,
          -0.008395,
          0.999656,
          -0.024831,
          1.413324,
          0.011751,
          0.024929,
          0.99962,
          0.0,
          0.0,
          0.0,
          0.0,
          1.0
        ],
        [
          0.999896,
          0.0081,
          -0.011956,
          -0.0,
          -0.008395,
          0.999656,
          -0.024831,
          1.413325,
          0.011751,
          0.024929,
          0.99962,
          0.0,
          0.0,
          0.0,
          0.0,
          1.0
        ],
        [
          0.999896,
          0.0081,
          -0.011956,
          -0.0,
          -0.008395,
          0.999656,
          -0.024831,
          1.413325,
          0.011751,
          0.024929,
          0.99962,
          0.0,
          0.0,
          0.0,
          0.0,
          1.0
        ],
        [
          0.999896,
          0.0081,
          -0.011956,
          0.0,
          -0.008395,
          0.999656,
          -0.024831,
          1.413324,
          0.011751,
          0.024929,
          0.99962,
          -0.0,
          0.0,
          0.0,
          0.0,
          1.0
        ],
        [
          0.999896,
          0.0081,
          -0.011956,
          0.0,
          -0.008395,
          0.999656,
          -0.024831,
          1.413324,
          0.011751,
          0.024929,
          0.99962,
          -0.0,
          0.0,
          0.0,
          0.0,
          1.0
        ],
        [
          0.999896,
          0.0081,
          -0.011956,
          -0.0,
          -0.008395,
          0.999656,
          -0.024831,
          1.413325,
          0.011751,
          0.024929,
          0.99962,
          -0.0,
          0.0,
          0.0,
          0.0,
          1.0
        ],
        [
          0.999896,
          0.0081,
          -0.011956,
          -0.0,
          -0.008395,
          0.999656,
          -0.024831,
          1.413325,
          0.011751,
          0.024929,
          0.99962,
          -0.0,
          0.0,
          0.0,
          0.0,
          1.0
        ],
        [
          0.999896,
          0.0081,
          -0.011956,
          -0.0,
          -0.008395,
          0.999656,
          -0.024831,
          1.413324,
          0.011751,
          0.024929,
          0.99962,
          -0.0,
          0.0,
          0.0,
          0.0,
          1.0
        ],
        [
          0.999896,
          0.0081,
          -0.011956,
          -0.0,
          -0.008395,
          0.999656,
          -0.024831,
          1.413324,
          0.011751,
          0.024929,
          0.99962,
          -0.0,
          0.0,
          0.0,
          0.0,
          1.0
        ]
      ]
    },
    {
      "name": "Tentacle1_0.R",
      "time": [
        0.0,
        0.0333,
        0.0667,
        0.1,
        0.1333,
        0.1667,
        0.2,
        0.2333,
        0.2667,
        0.3,
        0.3333,
        0.3667,
        0.4,
        0.4333,
        0.4667,
        0.5,
        0.5333,
        0.5667,
        0.6,
        0.6333,
        0.6667,
        0.7,
        0.7333,
        0.7667,
        0.8,
        0.8333,
        0.8667,
        0.9,
        0.9333,
        0.9667,
        1.0,
        1.0333,
        1.0667,
        1.1,
        1.1333,
        1.1667,
        1.2,
        1.2333,
        1.2667,
        1.3,
        1.3333,
        1.3667,
        1.4,
        1.4333
      ],
      "transform": [
        [
          -0.713563,
          0.700591,
          -0.0,
          0.848016,
          0.0,
          0.0,
          1.0,
          2.615983,
          0.700591,
          0.713563,
          -0.0,
          0.0,
          0.0,
          0.0,
          0.0,
          1.0
        ],
        [
          -0.727662,
          0.683971,
          -0.018315,
          0.848016,
          -0.017197,
          0.008434,
          0.999816,
          2.615983,
          0.68572,
          0.726017,
          0.005639,
          0.0,
          0.0,
          0.0,
          0.0,
          1.0
        ],
        [
          -0.760848,
          0.639523,
          -0.068049,
          0.848016,
          -0.063624,
          0.0299,
          0.997518,
          2.615983,
          0.645803,
          0.756396,
          0.018104,
          0.0,
          0.0,
          0.0,
          0.0,
          1.0
        ],
        [
          -0.798035,
          0.575411,
          -0.140528,
          0.848016,
          -0.131117,
          0.0577,
          0.989624,
          2.615983,
          0.588174,
          0.793582,
          0.02994,
          0.0,
          0.0,
          0.0,
          0.0,
          1.0
        ],
        [
          -0.826453,
          0.501168,
          -0.225992,
          0.848016,
          -0.210706,
          0.086444,
          0.973495,
          2.615983,
          0.52209,
          0.828222,
          0.035145,
          0.0,
          0.0,
          0.0,
          0.0,
          1.0
        ],
        [
          -0.838847,
          0.427353,
          -0.314869,
          0.848016,
          -0.2934,
          0.113942,
          0.94863,
          2.615983,
          0.458532,
          0.854717,
          0.030971,
          0.0,
          0.0,
          0.0,
          0.0,
          1.0
        ],
        [
          -0.833701,
          0.363959,
          -0.399562,
          0.848016,
          -0.371487,
          0.141537,
          0.916529,
          2.615983,
          0.408582,
          0.871336,
          0.018021,
          0.0,
          0.0,
          0.0,
          0.0,
          1.0
        ],
        [
          -0.813099,
          0.319353,
          -0.47546,
          0.848016,
          -0.43908,
          0.173435,
          0.879737,
          2.615983,
          0.382201,
          0.878641,
          -0.00084,
          0.0,
          0.0,
          0.0,
          0.0,
          1.0
        ],
        [
          -0.779623,
          0.300647,
          -0.540759,
          0.848016,
          -0.491312,
          0.216016,
          0.840897,
          2.615983,
          0.388331,
          0.876888,
          -0.021747,
          0.0,
          0.0,
          0.0,
          0.0,
          1.0
        ],
        [
          -0.733039,
          0.315301,
          -0.595514,
          0.848016,
          -0.522037,
          0.277652,
          0.80232,
          2.615983,
          0.436039,
          0.862475,
          -0.04058,
          0.0,
          0.0,
          0.0,
          0.0,
          1.0
        ],
        [
          -0.666017,
          0.372968,
          -0.640363,
          0.848016,
          -0.519551,
          0.368597,
          0.766238,
          2.615983,
          0.535246,
