{
  "animation": [
    {
      "name": "Root",
      "time": [
        0.0,
        1.1333
      ],
      "transform": [
        [
          1.0,
          0.0,
          0.0,
          0.0,
          0.0,
          0.0,
          -1.0,
          0.0,
          0.0,
          1.0,
          0.0,
          0.0,
          0.0,
          0.0,
          0.0,
          1.0
        ],
        [
          1.0,
          0.0,
          0.0,
          0.0,
          0.0,
          0.0,
          -1.0,
          0.0,
          0.0,
          1.0,
          0.0,
          0.0,
          0.0,
          0.0,
          0.0,
          1.0
        ]
      ]
    },
    {
      "name": "Tablet",
      "time": [
        0.0,
        1.1333
      ],
      "transform": [
        [
          1.0,
          0.0,
          0.0,
          0.0,
          0.0,
          1.0,
          0.0,
          0.4,
          0.0,
          0.0,
          1.0,
          0.0,
          0.0,
          0.0,
          0.0,
          1.0
        ],
        [
          1.0,
          0.0,
          0.0,
          0.0,
          0.0,
          1.0,
          0.0,
          0.4,
          0.0,
          0.0,
          1.0,
          0.0,
          0.0,
          0.0,
          0.0,
          1.0
        ]
      ]
    },
    {
      "name": "Tentacle1_0.L",
      "time": [
        0.0,
        1.1333
      ],
      "transform": [
        [
          -0.019433,
          -1.198735,
          0.041584,
          -0.848016,
          -0.014353,
          0.050239,
          0.99902,
          2.615983,
          -0.999708,
          0.02258,
          -0.015151,
          0.0,
          0.0,
          0.0,
          0.0,
          1.0
        ],
        [
          -0.019433,
          -1.198735,
          0.041584,
          -0.848016,
          -0.014353,
          0.050239,
          0.99902,
          2.615983,
          -0.999708,
          0.02258,
          -0.015151,
          0.0,
          0.0,
          0.0,
          0.0,
          1.0
        ]
      ]
    },
    {
      "name": "Tentacle1_1.L",
      "time": [
        0.0,
        1.1333
      ],
      "transform": [
        [
          0.807048,
          0.708428,
          -0.012255,
          0.0,
          -0.590469,
          0.968402,
          -0.009664,
          1.057274,
          0.004184,
          0.018043,
          0.999878,
          -0.0,
          0.0,
          0.0,
          0.0,
          1.0
        ],
        [
          0.807048,
          0.708428,
          -0.012255,
          0.0,
          -0.590469,
          0.968402,
          -0.009664,
          1.057274,
          0.004184,
          0.018043,
          0.999878,
          -0.0,
          0.0,
          0.0,
          0.0,
          1.0
        ]
      ]
    },
    {
      "name": "Tentacle1_2.L",
      "time": [
        0.0,
        0.0333,
        0.0667,
        0.1,
        0.1333,
        0.1667,
        0.2,
        0.2333,
        0.2667,
        0.3,
        0.3333,
        0.3667,
        0.4,
        0.4333,
        0.4667,
        0.5,
        0.5333,
        0.5667,
        0.6,
        0.6333,
        0.6667,
        0.7,
        0.7333,
        0.7667,
        0.8,
        0.8333,
        0.8667,
        0.9,
        0.9333,
        0.9667,
        1.0,
        1.0333,
        1.0667,
        1.1,
        1.1333
      ],
      "transform": [
        [
          0.65615,
          0.905454,
          0.011461,
          -0.0,
          -0.754623,
          0.787193,
          0.014714,
          1.413427,
          0.003584,
          -0.021963,
          0.999826,
          0.0,
          0.0,
          0.0,
          0.0,
          1.0
        ],
        [
          0.65615,
          0.905454,
          0.011461,
          -0.0,
          -0.754624,
          0.787193,
          0.014714,
          1.413427,
          0.003584,
          -0.021963,
          0.999826,
          0.0,
          0.0,
          0.0,
          0.0,
          1.0
        ],
        [
          0.65615,
          0.905454,
          0.011461,
          -0.0,
          -0.754623,
          0.787193,
          0.014714,
          1.413427,
          0.003584,
          -0.021963,
          0.999826,
          0.0,
          0.0,
          0.0,
          0.0,
          1.0
        ],
        [
          0.65615,
          0.905454,
          0.011461,
          -0.0,
          -0.754624,
          0.787193,
          0.014714,
          1.413427,
          0.003584,
          -0.021963,
          0.999826,
          0.0,
          0.0,
          0.0,
          0.0,
          1.0
        ],
        [
          0.65615,
          0.905454,
          0.011461,
          -0.0,
          -0.754623,
          0.787193,
          0.014714,
          1.413427,
          0.003584,
          -0.021963,
          0.999826,
          0.0,
          0.0,
          0.0,
          0.0,
          1.0
        ],
        [
          0.65615,
          0.905454,
          0.011461,
          -0.0,
          -0.754624,
          0.787193,
          0.014714,
          1.413427,
          0.003584,
          -0.021963,
          0.999826,
          0.0,
          0.0,
          0.0,
          0.0,
          1.0
        ],
        [
          0.65615,
          0.905454,
          0.011461,
          -0.0,
          -0.754623,
          0.787193,
          0.014714,
          1.413427,
          0.003584,
          -0.021963,
          0.999826,
          0.0,
          0.0,
          0.0,
          0.0,
          1.0
        ],
        [
          0.65615,
          0.905454,
          0.011461,
          -0.0,
          -0.754624,
          0.787193,
          0.014714,
          1.413427,
          0.003584,
          -0.021963,
          0.999826,
          0.0,
          0.0,
          0.0,
          0.0,
          1.0
        ],
        [
          0.65615,
          0.905454,
          0.011461,
          -0.0,
          -0.754623,
          0.787193,
          0.014714,
          1.413427,
          0.003584,
          -0.021963,
          0.999826,
          0.0,
          0.0,
          0.0,
          0.0,
          1.0
        ],
        [
          0.65615,
          0.905454,
          0.011461,
          -0.0,
          -0.754624,
          0.787193,
          0.014714,
          1.413427,
          0.003584,
          -0.021963,
          0.999826,
          0.0,
          0.0,
          0.0,
          0.0,
          1.0
        ],
        [
          0.65615,
          0.905454,
          0.011461,
          -0.0,
          -0.754623,
          0.787193,
          0.014714,
          1.413427,
          0.003584,
          -0.021963,
          0.999826,
          0.0,
          0.0,
          0.0,
          0.0,
          1.0
        ],
        [
          0.65615,
          0.905454,
          0.011461,
          -0.0,
          -0.754624,
          0.787193,
          0.014714,
          1.413427,
          0.003584,
          -0.021963,
          0.999826,
          0.0,
          0.0,
          0.0,
          0.0,
          1.0
        ],
        [
          0.65615,
          0.905454,
          0.011461,
          -0.0,
          -0.754623,
          0.787193,
          0.014714,
          1.413427,
          0.003584,
          -0.021963,
          0.999826,
          0.0,
          0.0,
          0.0,
          0.0,
          1.0
        ],
        [
          0.65615,
          0.905454,
          0.011461,
          -0.0,
          -0.754624,
          0.787193,
          0.014714,
          1.413427,
          0.003584,
          -0.021963,
          0.999826,
          0.0,
          0.0,
          0.0,
          0.0,
          1.0
        ],
        [
          0.65615,
          0.905454,
          0.011461,
          -0.0,
          -0.754623,
          0.787193,
          0.014714,
          1.413427,
          0.003584,
          -0.021963,
          0.999826,
          0.0,
          0.0,
          0.0,
          0.0,
          1.0
        ],
        [
          0.65615,
          0.905454,
          0.011461,
          -0.0,
          -0.754624,
          0.787193,
          0.014714,
          1.413427,
          0.003584,
          -0.021963,
          0.999826,
          0.0,
          0.0,
          0.0,
          0.0,
          1.0
        ],
        [
          0.65615,
          0.905454,
          0.011461,
          -0.0,
          -0.754623,
          0.787193,
          0.014714,
          1.413427,
          0.003584,
          -0.021963,
          0.999826,
          0.0,
          0.0,
          0.0,
          0.0,
          1.0
        ],
        [
          0.65615,
          0.905454,
          0.011461,
          -0.0,
          -0.754624,
          0.787193,
          0.014714,
          1.413427,
          0.003584,
          -0.021963,
          0.999826,
          0.0,
          0.0,
          0.0,
          0.0,
          1.0
        ],
        [
          0.65615,
          0.905454,
          0.011461,
          -0.0,
          -0.754623,
          0.787193,
          0.014714,
          1.413427,
          0.003584,
          -0.021963,
          0.999826,
          0.0,
          0.0,
          0.0,
          0.0,
          1.0
        ],
        [
          0.65615,
          0.905454,
          0.011461,
          -0.0,
          -0.754624,
          0.787193,
          0.014714,
          1.413427,
          0.003584,
          -0.021963,
          0.999826,
          0.0,
          0.0,
          0.0,
          0.0,
          1.0
        ],
        [
          0.65615,
          0.905454,
          0.011461,
          -0.0,
          -0.754623,
          0.787193,
          0.014714,
          1.413427,
          0.003584,
          -0.021963,
          0.999826,
          0.0,
          0.0,
          0.0,
          0.0,
          1.0
        ],
        [
          0.65615,
          0.905454,
          0.011461,
          -0.0,
          -0.754624,
          0.787193,
          0.014714,
          1.413427,
          0.003584,
          -0.021963,
          0.999826,
          0.0,
          0.0,
          0.0,
          0.0,
          1.0
        ],
        [
          0.65615,
          0.905454,
          0.011461,
          -0.0,
          -0.754623,
          0.787193,
          0.014714,
          1.413427,
          0.003584,
          -0.021963,
          0.999826,
          0.0,
          0.0,
          0.0,
          0.0,
          1.0
        ],
        [
          0.65615,
          0.905454,
          0.011461,
          -0.0,
          -0.754624,
          0.787193,
          0.014714,
          1.413427,
          0.003584,
          -0.021963,
          0.999826,
          0.0,
          0.0,
          0.0,
          0.0,
          1.0
        ],
        [
          0.65615,
          0.905454,
          0.011461,
          -0.0,
          -0.754623,
          0.787193,
          0.014714,
          1.413427,
          0.003584,
          -0.021963,
          0.999826,
          0.0,
          0.0,
          0.0,
          0.0,
          1.0
        ],
        [
          0.65615,
          0.905454,
          0.011461,
          -0.0,
          -0.754624,
          0.787193,
          0.014714,
          1.413427,
          0.003584,
          -0.021963,
          0.999826,
          0.0,
          0.0,
          0.0,
          0.0,
          1.0
        ],
        [
          0.65615,
          0.905454,
          0.011461,
          -0.0,
          -0.754623,
          0.787193,
          0.014714,
          1.413427,
          0.003584,
          -0.021963,
          0.999826,
          0.0,
          0.0,
          0.0,
          0.0,
          1.0
        ],
        [
          0.65615,
          0.905454,
          0.011461,
          -0.0,
          -0.754624,
          0.787193,
          0.014714,
          1.413427,
          0.003584,
          -0.021963,
          0.999826,
          0.0,
          0.0,
          0.0,
          0.0,
          1.0
        ],
        [
          0.65615,
          0.905454,
          0.011461,
          -0.0,
          -0.754623,
          0.787193,
          0.014714,
          1.413427,
          0.003584,
          -0.021963,
          0.999826,
          0.0,
          0.0,
          0.0,
          0.0,
          1.0
        ],
        [
          0.65615,
          0.905454,
          0.011461,
          -0.0,
          -0.754624,
          0.787193,
          0.014714,
          1.413427,
          0.003584,
          -0.021963,
          0.999826,
          0.0,
          0.0,
          0.0,
          0.0,
          1.0
        ],
        [
          0.65615,
          0.905454,
          0.011461,
          -0.0,
          -0.754623,
          0.787193,
          0.014714,
          1.413427,
          0.003584,
          -0.021963,
          0.999826,
          0.0,
          0.0,
          0.0,
          0.0,
          1.0
        ],
        [
          0.65615,
          0.905454,
          0.011461,
          -0.0,
          -0.754624,
          0.787193,
          0.014714,
          1.413427,
          0.003584,
          -0.021963,
          0.999826,
          0.0,
          0.0,
          0.0,
          0.0,
          1.0
        ],
        [
          0.65615,
          0.905454,
          0.011461,
          -0.0,
          -0.754623,
          0.787193,
          0.014714,
          1.413427,
          0.003584,
          -0.021963,
          0.999826,
          0.0,
          0.0,
          0.0,
          0.0,
          1.0
        ],
        [
          0.65615,
          0.905454,
          0.011461,
          -0.0,
          -0.754624,
          0.787193,
          0.014714,
          1.413427,
          0.003584,
          -0.021963,
          0.999826,
          0.0,
          0.0,
          0.0,
          0.0,
          1.0
        ],
        [
          0.65615,
          0.905454,
          0.011461,
          -0.0,
          -0.754623,
          0.787193,
          0.014714,
          1.413427,
          0.003584,
          -0.021963,
          0.999826,
          0.0,
          0.0,
          0.0,
          0.0,
          1.0
        ]
      ]
    },
    {
      "name": "Tentacle1_3.L",
      "time": [
        0.0,
        1.1333
      ],
      "transform": [
        [
          0.920492,
          0.430366,
          0.155156,
          -0.0,
          -0.345552,
          1.118964,
          -0.105321,
          1.41333,
          -0.18245,
          0.051999,
          0.98226,
          -0.0,
          0.0,
          0.0,
          0.0,
          1.0
        ],
        [
          0.920492,
          0.430366,
          0.155156,
          -0.0,
          -0.345552,
          1.118964,
          -0.105321,
          1.41333,
          -0.18245,
          0.051999,
          0.98226,
          -0.0,
          0.0,
          0.0,
          0.0,
          1.0
        ]
      ]
    },
    {
      "name": "Tentacle2_0.L",
      "time": [
        0.0,
        1.1333
      ],
      "transform": [
        [
          0.610399,
          -0.719238,
          0.331827,
          -0.909962,
          -0.161737,
          0.296925,
          0.941104,
          1.740983,
          -0.775406,
          -0.628118,
          0.064916,
          0.0,
          0.0,
          0.0,
          0.0,
          1.0
        ],
        [
          0.610399,
          -0.719238,
          0.331827,
          -0.909962,
          -0.161737,
          0.296925,
          0.941104,
          1.740983,
          -0.775406,
          -0.628118,
          0.064916,
          0.0,
          0.0,
          0.0,
          0.0,
          1.0
        ]
      ]
    },
    {
      "name": "Tentacle2_1.L",
      "time": [
        0.0,
        1.1333
      ],
      "transform": [
        [
          0.984149,
          0.093105,
          -0.150937,
          0.0,
          -0.025847,
          0.917316,
          0.397319,
          0.995597,
          0.175449,
          -0.38712,
          0.905183,
          -0.0,
          0.0,
          0.0,
          0.0,
          1.0
        ],
        [
          0.984149,
          0.093105,
          -0.150937,
          0.0,
          -0.025847,
          0.917316,
          0.397319,
          0.995597,
          0.175449,
          -0.38712,
          0.905183,
          -0.0,
          0.0,
          0.0,
          0.0,
          1.0
        ]
      ]
    },
    {
      "name": "Tentacle2_2.L",
      "time": [
        0.0,
        1.1333
      ],
      "transform": [
        [
          0.959225,
          -0.213356,
          -0.185381,
          0.0,
          0.282437,
          0.698541,
          0.657472,
          1.413075,
          -0.010779,
          -0.683022,
          0.730318,
          0.0,
          0.0,
          0.0,
          0.0,
          1.0
        ],
        [
          0.959225,
          -0.213356,
          -0.185381,
          0.0,
          0.282437,
          0.698541,
          0.657472,
          1.413075,
          -0.010779,
          -0.683022,
          0.730318,
          0.0,
          0.0,
          0.0,
          0.0,
          1.0
        ]
      ]
    },
    {
      "name": "Tentacle2_3.L",
      "time": [
        0.0,
        1.1333
      ],
      "transform": [
        [
          0.988555,
          -0.124882,
          0.084639,
          -0.0,
          0.075957,
          0.896748,
          0.435975,
          1.413327,
          -0.130345,
          -0.424557,
          0.89597,
          -0.0,
          0.0,
          0.0,
          0.0,
          1.0
        ],
        [
          0.988555,
          -0.124882,
          0.084639,
          -0.0,
          0.075957,
          0.896748,
          0.435975,
          1.413327,
          -0.130345,
          -0.424557,
          0.89597,
          -0.0,
          0.0,
          0.0,
          0.0,
          1.0
        ]
      ]
    },
    {
      "name": "Tentacle3_0.L",
      "time": [
        0.0,
        1.1333
      ],
      "transform": [
        [
          -0.005986,
          -0.69736,
          -0.716696,
          -0.972423,
          -0.008539,
          -0.716647,
          0.697384,
          0.858281,
          -0.999946,
          0.010294,
          -0.001665,
          0.0,
          0.0,
          0.0,
          0.0,
          1.0
        ],
        [
          -0.005986,
          -0.69736,
          -0.716696,
          -0.972423,
          -0.008539,
          -0.716647,
          0.697384,
          0.858281,
          -0.999946,
          0.010294,
          -0.001665,
          0.0,
          0.0,
          0.0,
          0.0,
          1.0
        ]
      ]
    },
    {
      "name": "Tentacle3_1.L",
      "time": [
        0.0,
        1.1333
      ],
      "transform": [
        [
          0.999879,
          0.015476,
          -0.001579,
          -0.0,
          -0.014241,
          0.869764,
          -0.493262,
          1.058051,
          -0.006261,
          0.493225,
          0.869879,
          0.0,
          0.0,
          0.0,
          0.0,
          1.0
        ],
        [
          0.999879,
          0.015476,
          -0.001579,
          -0.0,
          -0.014241,
          0.869764,
          -0.493262,
          1.058051,
          -0.006261,
          0.493225,
          0.869879,
          0.0,
          0.0,
          0.0,
          0.0,
          1.0
        ]
      ]
    },
    {
      "name": "Tentacle3_2.L",
      "time": [
        0.0,
        1.1333
      ],
      "transform": [
        [
          0.999701,
          0.023428,
          -0.006997,
          -0.0,
          -0.021814,
          0.725342,
          -0.688042,
          1.413108,
          -0.011044,
          0.687989,
          0.725637,
          0.0,
          0.0,
          0.0,
          0.0,
          1.0
        ],
        [
          0.999701,
          0.023428,
          -0.006997,
          -0.0,
          -0.021814,
          0.725342,
          -0.688042,
          1.413108,
          -0.011044,
          0.687989,
          0.725637,
          0.0,
          0.0,
          0.0,
          0.0,
          1.0
        ]
      ]
    },
    {
      "name": "Tentacle3_3.L",
      "time": [
        0.0,
        1.1333
      ],
      "transform": [
        [
          0.999896,
          0.0081,
          -0.011956,
          -0.0,
          -0.008395,
          0.999656,
          -0.024831,
          1.413324,
          0.011751,
          0.024929,
          0.99962,
          -0.0,
          0.0,
          0.0,
          0.0,
          1.0
        ],
        [
          0.999896,
          0.0081,
          -0.011956,
          -0.0,
          -0.008395,
          0.999656,
          -0.024831,
          1.413324,
          0.011751,
          0.024929,
          0.99962,
          -0.0,
          0.0,
          0.0,
          0.0,
          1.0
        ]
      ]
    },
    {
      "name": "Tentacle1_0.R",
      "time": [
        0.0,
        1.1333
      ],
      "transform": [
        [
          0.030614,
          0.610008,
          -0.791804,
          0.848016,
          -0.098081,
          0.790186,
          0.604969,
          2.615983,
          0.994707,
          0.05914,
          0.084021,
          0.0,
          0.0,
          0.0,
          0.0,
          1.0
        ],
        [
          0.030614,
          0.610008,
          -0.791804,
          0.848016,
          -0.098081,
          0.790186,
          0.604969,
          2.615983,
          0.994707,
          0.05914,
          0.084021,
          0.0,
          0.0,
          0.0,
          0.0,
          1.0
        ]
      ]
    },
    {
      "name": "Tentacle1_1.R",
      "time": [
        0.0,
        1.1333
      ],
      "transform": [
        [
          0.913171,
          0.184235,
          0.36356,
          -0.0,
          -0.331674,
          0.854327,
          0.400148,
          1.057274,
          -0.236878,
          -0.485986,
          0.841253,
          0.0,
          0.0,
          0.0,
          0.0,
          1.0
        ],
        [
          0.913171,
          0.184235,
          0.36356,
          -0.0,
          -0.331674,
          0.854327,
          0.400148,
          1.057274,
          -0.236878,
          -0.485986,
          0.841253,
          0.0,
          0.0,
          0.0,
          0.0,
          1.0
        ]
      ]
    },
    {
      "name": "Tentacle1_2.R",
      "time": [
        0.0,
        1.1333
      ],
      "transform": [
        [
          0.674751,
          0.003722,
          0.738036,
          0.0,
          -0.089356,
          0.993043,
          0.076686,
          1.413427,
          -0.732617,
          -0.117692,
          0.670389,
          -0.0,
          0.0,
          0.0,
          0.0,
          1.0
        ],
        [
          0.674751,
          0.003722,
          0.738036,
          0.0,
          -0.089356,
          0.993043,
          0.076686,
          1.413427,
          -0.732617,
          -0.117692,
          0.670389,
          -0.0,
          0.0,
          0.0,
          0.0,
          1.0
        ]
      ]
    },
    {
      "name": "Tentacle1_3.R",
      "time": [
        0.0,
        1.1333
      ],
      "transform": [
        [
          0.359456,
          0.510888,
          0.780888,
          -0.0,
          -0.05862,
          0.847528,
          -0.527503,
          1.413331,
          -0.931319,
          0.143839,
          0.334597,
          0.0,
          0.0,
          0.0,
          0.0,
          1.0
        ],
        [
          0.359456,
          0.510888,
          0.780888,
          -0.0,
          -0.05862,
          0.847528,
          -0.527503,
          1.413331,
          -0.931319,
          0.143839,
          0.334597,
          0.0,
          0.0,
          0.0,
          0.0,
          1.0
        ]
      ]
    },
    {
      "name": "Tentacle2_0.R",
      "time": [
        0.0,
        1.1333
      ],
      "transform": [
        [
          0.814252,
          0.566177,
          -0.128207,
          0.909962,
          0.090391,
          0.094503,
          0.991412,
          1.740983,
          0.573431,
          -0.818848,
          0.025772,
          0.0,
          0.0,
          0.0,
          0.0,
          1.0
        ],
        [
          0.814252,
          0.566177,
          -0.128207,
          0.909962,
          0.090391,
          0.094503,
          0.991412,
          1.740983,
          0.573431,
          -0.818848,
          0.025772,
          0.0,
          0.0,
          0.0,
          0.0,
          1.0
        ]
      ]
    },
    {
      "name": "Tentacle2_1.R",
      "time": [
        0.0,
        0.0333,
        0.0667,
        0.1,
        0.1333,
        0.1667,
        0.2,
        0.2333,
        0.2667,
        0.3333,
        0.3667,
        1.1333
      ],
      "transform": [
        [
          0.797642,
          0.603129,
          0.001144,
          -0.0,
          -0.601133,
          0.795155,
          -0.079796,
          0.995597,
          -0.049037,
          0.062961,
          0.996811,
          0.0,
          0.0,
          0.0,
          0.0,
          1.0
        ],
        [
          0.797271,
          0.60362,
          0.001279,
          -0.0,
          -0.601623,
          0.794803,
          -0.079618,
          0.995597,
          -0.049076,
          0.062707,
          0.996825,
          0.0,
          0.0,
          0.0,
          0.0,
          1.0
        ],
        [
          0.797139,
          0.603795,
          0.001328,
          -0.0,
          -0.601797,
          0.794677,
          -0.079554,
          0.995597,
          -0.049089,
          0.062617,
          0.99683,
          0.0,
          0.0,
          0.0,
          0.0,
          1.0
        ],
        [
          0.797092,
          0.603857,
          0.001345,
          -0.0,
          -0.601859,
          0.794633,
          -0.079532,
          0.995597,
          -0.049094,
          0.062585,
          0.996832,
          0.0,
          0.0,
          0.0,
          0.0,
          1.0
        ],
        [
          0.797075,
          0.603879,
          0.001351,
          -0.0,
          -0.601881,
          0.794617,
          -0.079524,
          0.995597,
          -0.049096,
          0.062573,
          0.996832,
          0.0,
          0.0,
          0.0,
          0.0,
          1.0
        ],
        [
          0.797069,
          0.603887,
          0.001353,
          -0.0,
          -0.601889,
          0.794611,
          -0.079521,
          0.995597,
          -0.049097,
          0.062569,
          0.996833,
          0.0,
          0.0,
          0.0,
          0.0,
          1.0
        ],
        [
          0.797067,
          0.60389,
          0.001354,
          -0.0,
          -0.601892,
          0.794609,
          -0.07952,
          0.995597,
          -0.049097,
          0.062568,
          0.996832,
          0.0,
          0.0,
          0.0,
          0.0,
          1.0
        ],
        [
          0.797066,
          0.603891,
          0.001354,
          -0.0,
          -0.601893,
          0.794608,
          -0.079519,
          0.995597,
          -0.049097,
          0.062567,
          0.996832,
          0.0,
          0.0,
          0.0,
          0.0,
          1.0
        ],
        [
          0.797066,
          0.603891,
          0.001354,
          -0.0,
          -0.601894,
          0.794608,
          -0.079519,
          0.995597,
          -0.049097,
          0.062567,
          0.996833,
          0.0,
          0.0,
          0.0,
          0.0,
          1.0
        ],
        [
          0.797066,
          0.603891,
          0.001354,
          -0.0,
          -0.601894,
          0.794608,
          -0.079519,
          0.995597,
          -0.049097,
          0.062567,
          0.996833,
          0.0,
          0.0,
          0.0,
          0.0,
          1.0
        ],
        [
          0.797066,
          0.603891,
          0.001354,
          -0.0,
          -0.601894,
          0.794608,
          -0.079519,
          0.995597,
          -0.049097,
          0.062567,
          0.996832,
          0.0,
          0.0,
          0.0,
          0.0,
          1.0
        ],
        [
          0.797066,
          0.603891,
          0.001354,
          -0.0,
          -0.601894,
          0.794608,
          -0.079519,
          0.995597,
          -0.049097,
          0.062567,
          0.996832,
          0.0,
          0.0,
          0.0,
          0.0,
          1.0
        ]
      ]
    },
    {
      "name": "Tentacle2_2.R",
      "time": [
        0.0,
        0.0333,
        0.0667,
        0.1,
        0.1333,
        0.1667,
        0.2,
        0.2333,
        0.2667,
        0.3,
        0.3333,
        0.3667,
        1.1333
      ],
      "transform": [
        [
          0.602509,
          0.792786,
          0.092049,
          -0.0,
          -0.776278,
          0.608908,
          -0.163169,
          1.413075,
          -0.185408,
          0.026855,
          0.982295,
          0.0,
          0.0,
          0.0,
          0.0,
          1.0
        ],
        [
          0.596098,
          0.79775,
          0.090716,
          0.0,
          -0.78114,
          0.602356,
          -0.164179,
          1.413075,
          -0.185624,
          0.027004,
          0.982249,
          -0.0,
          0.0,
          0.0,
          0.0,
          1.0
        ],
        [
          0.593789,
          0.799535,
          0.090305,
          -0.0,
          -0.782896,
          0.60001,
          -0.164492,
          1.413075,
          -0.185702,
          0.026973,
          0.982236,
          0.0,
          0.0,
          0.0,
          0.0,
          1.0
        ],
        [
          0.592955,
          0.80017,
          0.090179,
          -0.0,
          -0.783523,
          0.599168,
          -0.164587,
          1.413075,
          -0.18573,
          0.026935,
          0.982232,
          -0.0,
          0.0,
          0.0,
          0.0,
          1.0
        ],
        [
          0.592656,
          0.800396,
          0.090141,
          -0.0,
          -0.783748,
          0.598867,
          -0.164615,
          1.413075,
          -0.18574,
          0.026912,
          0.982231,
          -0.0,
          0.0,
          0.0,
          0.0,
          1.0
        ],
        [
          0.592548,
          0.800477,
          0.09013,
          0.0,
          -0.783828,
          0.59876,
          -0.164624,
          1.413075,
          -0.185744,
          0.026901,
          0.98223,
          -0.0,
          0.0,
          0.0,
          0.0,
          1.0
        ],
        [
          0.59251,
          0.800506,
          0.090127,
          0.0,
          -0.783856,
          0.598722,
          -0.164626,
          1.413075,
          -0.185745,
          0.026896,
          0.98223,
          -0.0,
          0.0,
          0.0,
          0.0,
          1.0
        ],
        [
          0.592497,
          0.800516,
          0.090126,
          -0.0,
          -0.783867,
          0.598708,
          -0.164627,
          1.413075,
          -0.185745,
          0.026894,
          0.98223,
          -0.0,
          0.0,
          0.0,
          0.0,
          1.0
        ],
        [
          0.592491,
          0.80052,
          0.090126,
          0.0,
          -0.783871,
          0.598703,
          -0.164627,
          1.413075,
          -0.185746,
          0.026893,
          0.98223,
          -0.0,
          0.0,
          0.0,
          0.0,
          1.0
        ],
        [
          0.59249,
          0.800521,
          0.090126,
          0.0,
          -0.783872,
          0.598701,
          -0.164627,
          1.413075,
          -0.185746,
          0.026893,
          0.98223,
          0.0,
          0.0,
          0.0,
          0.0,
          1.0
        ],
        [
          0.592489,
          0.800521,
          0.090126,
          0.0,
          -0.783872,
          0.5987,
          -0.164627,
          1.413075,
          -0.185746,
          0.026893,
          0.982229,
          -0.0,
          0.0,
          0.0,
          0.0,
          1.0
        ],
        [
          0.592488,
          0.800521,
          0.090126,
          -0.0,
          -0.783872,
          0.5987,
          -0.164627,
          1.413075,
          -0.185746,
          0.026893,
          0.98223,
          -0.0,
          0.0,
          0.0,
          0.0,
          1.0
        ],
        [
          0.592488,
          0.800521,
          0.090126,
          -0.0,
          -0.783872,
          0.5987,
          -0.164627,
          1.413075,
          -0.185746,
          0.026893,
          0.98223,
          -0.0,
          0.0,
          0.0,
          0.0,
          1.0
        ]
      ]
    },
    {
      "name": "Tentacle2_3.R",
      "time": [
        0.0,
        0.2333,
        0.2667,
        0.3,
        0.3333,
        0.3667,
        0.4,
        1.1333
      ],
      "transform": [
        [
          0.692551,
          0.721364,
          0.00272,
          0.0,
          -0.674119,
          0.648526,
          -0.353522,
          1.413327,
          -0.256782,
          0.242998,
          0.935422,
          0.0,
          0.0,
          0.0,
          0.0,
          1.0
        ],
        [
          0.692551,
          0.721364,
          0.00272,
          0.0,
          -0.674119,
          0.648526,
          -0.353522,
          1.413327,
          -0.256782,
          0.242998,
          0.935422,
          -0.0,
          0.0,
          0.0,
          0.0,
          1.0
        ],
        [
          0.692551,
          0.721364,
          0.00272,
          -0.0,
          -0.674119,
          0.648526,
          -0.353522,
          1.413328,
          -0.256782,
          0.242998,
          0.935422,
          -0.0,
          0.0,
          0.0,
          0.0,
          1.0
        ],
        [
          0.692551,
          0.721364,
          0.00272,
          0.0,
          -0.674119,
          0.648526,
          -0.353522,
          1.413327,
          -0.256782,
          0.242998,
          0.935422,
          0.0,
          0.0,
          0.0,
          0.0,
          1.0
        ],
        [
          0.692551,
          0.721364,
          0.00272,
          0.0,
          -0.674119,
          0.648526,
          -0.353522,
          1.413327,
          -0.256782,
          0.242998,
          0.935422,
          0.0,
          0.0,
          0.0,
          0.0,
          1.0
        ],
        [
          0.692551,
          0.721364,
          0.00272,
          -0.0,
          -0.674119,
          0.648526,
          -0.353522,
          1.413328,
          -0.256782,
          0.242998,
          0.935422,
          -0.0,
          0.0,
          0.0,
          0.0,
          1.0
        ],
        [
          0.692551,
          0.721364,
          0.00272,
          -0.0,
          -0.674119,
          0.648526,
          -0.353522,
          1.413327,
          -0.256782,
          0.242998,
          0.935422,
          0.0,
          0.0,
          0.0,
          0.0,
          1.0
        ],
        [
          0.692551,
          0.721364,
          0.00272,
          -0.0,
          -0.674119,
          0.648526,
          -0.353522,
          1.413327,
          -0.256782,
          0.242998,
          0.935422,
          0.0,
          0.0,
          0.0,
          0.0,
          1.0
        ]
      ]
    },
    {
      "name": "Tentacle3_0.R",
      "time": [
        0.0,
        0.0333,
        0.0667,
        0.1,
        0.1333,
        0.1667,
        0.2,
        0.2333,
        0.2667,
        0.3,
        0.3333,
        0.3667,
        0.4,
        0.4333,
        0.4667,
        0.5,
        0.5333,
        0.5667,
        0.6,
        0.6333,
        0.6667,
        0.7,
        0.7333,
        0.7667,
        0.8,
        0.8333,
        0.8667,
        0.9,
        0.9333,
        0.9667,
        1.0,
        1.0333,
        1.0667,
        1.1,
        1.1333
      ],
      "transform": [
        [
          -0.513136,
          0.674574,
          0.530699,
          0.972423,
          0.223238,
          -0.492137,
          0.841407,
          0.858281,
          0.828768,
          0.550228,
          0.101943,
          0.0,
          0.0,
          0.0,
          0.0,
          1.0
        ],
        [
          -0.527897,
          0.655055,
          0.538619,
          0.972423,
          0.229673,
          -0.498951,
          0.834907,
          0.858281,
          0.817664,
          0.563064,
          0.113225,
          0.0,
          0.0,
          0.0,
          0.0,
          1.0
        ],
        [
          -0.564132,
          0.604009,
          0.557122,
          0.972423,
          0.246776,
          -0.514863,
          0.818085,
          0.858281,
          0.787945,
          0.593692,
          0.142659,
          0.0,
          0.0,
          0.0,
          0.0,
          1.0
        ],
        [
          -0.609219,
          0.533272,
          0.578043,
          0.972423,
          0.271081,
          -0.532848,
          0.795151,
          0.858281,
          0.745229,
          0.629772,
          0.183305,
          0.0,
          0.0,
          0.0,
          0.0,
          1.0
        ],
        [
          -0.652709,
          0.455769,
          0.595247,
          0.972423,
          0.298403,
          -0.547639,
          0.770602,
          0.858281,
          0.696367,
          0.661866,
          0.227715,
          0.0,
          0.0,
          0.0,
          0.0,
          1.0
        ],
        [
          -0.6882,
          0.384355,
          0.605909,
          0.972423,
          0.324039,
          -0.55683,
          0.74883,
          0.858281,
          0.649138,
          0.685445,
          0.268566,
          0.0,
          0.0,
          0.0,
          0.0,
          1.0
        ],
        [
          -0.713079,
          0.330364,
          0.609951,
          0.972423,
          0.343375,
          -0.560386,
          0.7337,
          0.858281,
          0.611238,
          0.700215,
          0.299407,
          0.0,
          0.0,
          0.0,
          0.0,
          1.0
        ],
        [
          -0.726745,
          0.303458,
          0.608439,
          0.972423,
          0.352186,
          -0.559237,
          0.728533,
          0.858281,
          0.589751,
          0.707912,
          0.314711,
          0.0,
          0.0,
          0.0,
          0.0,
          1.0
        ],
        [
          -0.728059,
          0.313114,
          0.601612,
          0.972423,
          0.346422,
          -0.553513,
          0.736556,
          0.858281,
          0.591542,
          0.709526,
          0.309107,
          0.0,
          0.0,
          0.0,
          0.0,
          1.0
        ],
        [
          -0.711918,
          0.371146,
          0.586312,
          0.972423,
          0.321751,
          -0.540175,
          0.761568,
          0.858281,
          0.624219,
          0.701721,
          0.276139,
          0.0,
          0.0,
          0.0,
          0.0,
          1.0
        ],
        [
          -0.663391,
          0.493556,
          0.551256,
          0.972423,
          0.273794,
          -0.508658,
          0.808146,
          0.858281,
          0.696383,
