{
  "animation": [
    {
      "name": "Root",
      "time": [
        0.0,
        1.3
      ],
      "transform": [
        [
          1.0,
          0.0,
          0.0,
          0.0,
          0.0,
          0.0,
          -1.0,
          0.0,
          0.0,
          1.0,
          0.0,
          0.0,
          0.0,
          0.0,
          0.0,
          1.0
        ],
        [
          1.0,
          0.0,
          0.0,
          0.0,
          0.0,
          0.0,
          -1.0,
          0.0,
          0.0,
          1.0,
          0.0,
          0.0,
          0.0,
          0.0,
          0.0,
          1.0
        ]
      ]
    },
    {
      "name": "Tablet",
      "time": [
        0.0,
        1.3
      ],
      "transform": [
        [
          1.0,
          0.0,
          0.0,
          0.0,
          0.0,
          1.0,
          0.0,
          0.4,
          0.0,
          0.0,
          1.0,
          0.0,
          0.0,
          0.0,
          0.0,
          1.0
        ],
        [
          1.0,
          0.0,
          0.0,
          0.0,
          0.0,
          1.0,
          0.0,
          0.4,
          0.0,
          0.0,
          1.0,
          0.0,
          0.0,
          0.0,
          0.0,
          1.0
        ]
      ]
    },
    {
      "name": "Tentacle1_0.L",
      "time": [
        0.0,
        1.3
      ],
      "transform": [
        [
          -0.019433,
          -1.198735,
          0.041584,
          -0.848016,
          -0.014353,
          0.050239,
          0.99902,
          2.615983,
          -0.999708,
          0.02258,
          -0.015151,
          0.0,
          0.0,
          0.0,
          0.0,
          1.0
        ],
        [
          -0.019433,
          -1.198735,
          0.041584,
          -0.848016,
          -0.014353,
          0.050239,
          0.99902,
          2.615983,
          -0.999708,
          0.02258,
          -0.015151,
          0.0,
          0.0,
          0.0,
          0.0,
          1.0
        ]
      ]
    },
    {
      "name": "Tentacle1_1.L",
      "time": [
        0.0,
        1.3
      ],
      "transform": [
        [
          0.807048,
          0.708428,
          -0.012255,
          0.0,
          -0.590469,
          0.968402,
          -0.009664,
          1.057274,
          0.004184,
          0.018043,
          0.999878,
          -0.0,
          0.0,
          0.0,
          0.0,
          1.0
        ],
        [
          0.807048,
          0.708428,
          -0.012255,
          0.0,
          -0.590469,
          0.968402,
          -0.009664,
          1.057274,
          0.004184,
          0.018043,
          0.999878,
          -0.0,
          0.0,
          0.0,
          0.0,
          1.0
        ]
      ]
    },
    {
      "name": "Tentacle1_2.L",
      "time": [
        0.0,
        0.0333,
        0.0667,
        0.1,
        0.1333,
        0.1667,
        0.2,
        0.2333,
        0.2667,
        0.3,
        0.3333,
        0.3667,
        0.4,
        0.4333,
        0.4667,
        0.5,
        0.5333,
        0.5667,
        0.6,
        0.6333,
        0.6667,
        0.7,
        0.7333,
        0.7667,
        0.8,
        0.8333,
        0.8667,
        0.9,
        0.9333,
        0.9667,
        1.0,
        1.0333,
        1.0667,
        1.1,
        1.1333,
        1.1667,
        1.2,
        1.2333,
        1.2667,
        1.3
      ],
      "transform": [
        [
          0.65615,
          0.905454,
          0.011461,
          -0.0,
          -0.754624,
          0.787193,
          0.014714,
          1.413427,
          0.003584,
          -0.021963,
          0.999826,
          0.0,
          0.0,
          0.0,
          0.0,
          1.0
        ],
        [
          0.65615,
          0.905454,
          0.011461,
          -0.0,
          -0.754623,
          0.787193,
          0.014714,
          1.413427,
          0.003584,
          -0.021963,
          0.999826,
          0.0,
          0.0,
          0.0,
          0.0,
          1.0
        ],
        [
          0.65615,
          0.905454,
          0.011461,
          -0.0,
          -0.754624,
          0.787193,
          0.014714,
          1.413427,
          0.003584,
          -0.021963,
          0.999826,
          0.0,
          0.0,
          0.0,
          0.0,
          1.0
        ],
        [
          0.65615,
          0.905454,
          0.011461,
          -0.0,
          -0.754623,
          0.787193,
          0.014714,
          1.413427,
          0.003584,
          -0.021963,
          0.999826,
          0.0,
          0.0,
          0.0,
          0.0,
          1.0
        ],
        [
          0.65615,
          0.905454,
          0.011461,
          -0.0,
          -0.754624,
          0.787193,
          0.014714,
          1.413427,
          0.003584,
          -0.021963,
          0.999826,
          0.0,
          0.0,
          0.0,
          0.0,
          1.0
        ],
        [
          0.65615,
          0.905454,
          0.011461,
          -0.0,
          -0.754623,
          0.787193,
          0.014714,
          1.413427,
          0.003584,
          -0.021963,
          0.999826,
          0.0,
          0.0,
          0.0,
          0.0,
          1.0
        ],
        [
          0.65615,
          0.905454,
          0.011461,
          -0.0,
          -0.754624,
          0.787193,
          0.014714,
          1.413427,
          0.003584,
          -0.021963,
          0.999826,
          0.0,
          0.0,
          0.0,
          0.0,
          1.0
        ],
        [
          0.65615,
          0.905454,
          0.011461,
          -0.0,
          -0.754623,
          0.787193,
          0.014714,
          1.413427,
          0.003584,
          -0.021963,
          0.999826,
          0.0,
          0.0,
          0.0,
          0.0,
          1.0
        ],
        [
          0.65615,
          0.905454,
          0.011461,
          -0.0,
          -0.754624,
          0.787193,
          0.014714,
          1.413427,
          0.003584,
          -0.021963,
          0.999826,
          0.0,
          0.0,
          0.0,
          0.0,
          1.0
        ],
        [
          0.65615,
          0.905454,
          0.011461,
          -0.0,
          -0.754623,
          0.787193,
          0.014714,
          1.413427,
          0.003584,
          -0.021963,
          0.999826,
          0.0,
          0.0,
          0.0,
          0.0,
          1.0
        ],
        [
          0.65615,
          0.905454,
          0.011461,
          -0.0,
          -0.754624,
          0.787193,
          0.014714,
          1.413427,
          0.003584,
          -0.021963,
          0.999826,
          0.0,
          0.0,
          0.0,
          0.0,
          1.0
        ],
        [
          0.65615,
          0.905454,
          0.011461,
          -0.0,
          -0.754623,
          0.787193,
          0.014714,
          1.413427,
          0.003584,
          -0.021963,
          0.999826,
          0.0,
          0.0,
          0.0,
          0.0,
          1.0
        ],
        [
          0.65615,
          0.905454,
          0.011461,
          -0.0,
          -0.754624,
          0.787193,
          0.014714,
          1.413427,
          0.003584,
          -0.021963,
          0.999826,
          0.0,
          0.0,
          0.0,
          0.0,
          1.0
        ],
        [
          0.65615,
          0.905454,
          0.011461,
          -0.0,
          -0.754623,
          0.787193,
          0.014714,
          1.413427,
          0.003584,
          -0.021963,
          0.999826,
          0.0,
          0.0,
          0.0,
          0.0,
          1.0
        ],
        [
          0.65615,
          0.905454,
          0.011461,
          -0.0,
          -0.754624,
          0.787193,
          0.014714,
          1.413427,
          0.003584,
          -0.021963,
          0.999826,
          0.0,
          0.0,
          0.0,
          0.0,
          1.0
        ],
        [
          0.65615,
          0.905454,
          0.011461,
          -0.0,
          -0.754623,
          0.787193,
          0.014714,
          1.413427,
          0.003584,
          -0.021963,
          0.999826,
          0.0,
          0.0,
          0.0,
          0.0,
          1.0
        ],
        [
          0.65615,
          0.905454,
          0.011461,
          -0.0,
          -0.754624,
          0.787193,
          0.014714,
          1.413427,
          0.003584,
          -0.021963,
          0.999826,
          0.0,
          0.0,
          0.0,
          0.0,
          1.0
        ],
        [
          0.65615,
          0.905454,
          0.011461,
          -0.0,
          -0.754623,
          0.787193,
          0.014714,
          1.413427,
          0.003584,
          -0.021963,
          0.999826,
          0.0,
          0.0,
          0.0,
          0.0,
          1.0
        ],
        [
          0.65615,
          0.905454,
          0.011461,
          -0.0,
          -0.754624,
          0.787193,
          0.014714,
          1.413427,
          0.003584,
          -0.021963,
          0.999826,
          0.0,
          0.0,
          0.0,
          0.0,
          1.0
        ],
        [
          0.65615,
          0.905454,
          0.011461,
          -0.0,
          -0.754623,
          0.787193,
          0.014714,
          1.413427,
          0.003584,
          -0.021963,
          0.999826,
          0.0,
          0.0,
          0.0,
          0.0,
          1.0
        ],
        [
          0.65615,
          0.905454,
          0.011461,
          -0.0,
          -0.754624,
          0.787193,
          0.014714,
          1.413427,
          0.003584,
          -0.021963,
          0.999826,
          0.0,
          0.0,
          0.0,
          0.0,
          1.0
        ],
        [
          0.65615,
          0.905454,
          0.011461,
          -0.0,
          -0.754623,
          0.787193,
          0.014714,
          1.413427,
          0.003584,
          -0.021963,
          0.999826,
          0.0,
          0.0,
          0.0,
          0.0,
          1.0
        ],
        [
          0.65615,
          0.905454,
          0.011461,
          -0.0,
          -0.754624,
          0.787193,
          0.014714,
          1.413427,
          0.003584,
          -0.021963,
          0.999826,
          0.0,
          0.0,
          0.0,
          0.0,
          1.0
        ],
        [
          0.65615,
          0.905454,
          0.011461,
          -0.0,
          -0.754623,
          0.787193,
          0.014714,
          1.413427,
          0.003584,
          -0.021963,
          0.999826,
          0.0,
          0.0,
          0.0,
          0.0,
          1.0
        ],
        [
          0.65615,
          0.905454,
          0.011461,
          -0.0,
          -0.754624,
          0.787193,
          0.014714,
          1.413427,
          0.003584,
          -0.021963,
          0.999826,
          0.0,
          0.0,
          0.0,
          0.0,
          1.0
        ],
        [
          0.65615,
          0.905454,
          0.011461,
          -0.0,
          -0.754623,
          0.787193,
          0.014714,
          1.413427,
          0.003584,
          -0.021963,
          0.999826,
          0.0,
          0.0,
          0.0,
          0.0,
          1.0
        ],
        [
          0.65615,
          0.905454,
          0.011461,
          -0.0,
          -0.754624,
          0.787193,
          0.014714,
          1.413427,
          0.003584,
          -0.021963,
          0.999826,
          0.0,
          0.0,
          0.0,
          0.0,
          1.0
        ],
        [
          0.65615,
          0.905454,
          0.011461,
          -0.0,
          -0.754623,
          0.787193,
          0.014714,
          1.413427,
          0.003584,
          -0.021963,
          0.999826,
          0.0,
          0.0,
          0.0,
          0.0,
          1.0
        ],
        [
          0.65615,
          0.905454,
          0.011461,
          -0.0,
          -0.754624,
          0.787193,
          0.014714,
          1.413427,
          0.003584,
          -0.021963,
          0.999826,
          0.0,
          0.0,
          0.0,
          0.0,
          1.0
        ],
        [
          0.65615,
          0.905454,
          0.011461,
          -0.0,
          -0.754623,
          0.787193,
          0.014714,
          1.413427,
          0.003584,
          -0.021963,
          0.999826,
          0.0,
          0.0,
          0.0,
          0.0,
          1.0
        ],
        [
          0.65615,
          0.905454,
          0.011461,
          -0.0,
          -0.754624,
          0.787193,
          0.014714,
          1.413427,
          0.003584,
          -0.021963,
          0.999826,
          0.0,
          0.0,
          0.0,
          0.0,
          1.0
        ],
        [
          0.65615,
          0.905454,
          0.011461,
          -0.0,
          -0.754623,
          0.787193,
          0.014714,
          1.413427,
          0.003584,
          -0.021963,
          0.999826,
          0.0,
          0.0,
          0.0,
          0.0,
          1.0
        ],
        [
          0.65615,
          0.905454,
          0.011461,
          -0.0,
          -0.754624,
          0.787193,
          0.014714,
          1.413427,
          0.003584,
          -0.021963,
          0.999826,
          0.0,
          0.0,
          0.0,
          0.0,
          1.0
        ],
        [
          0.65615,
          0.905454,
          0.011461,
          -0.0,
          -0.754623,
          0.787193,
          0.014714,
          1.413427,
          0.003584,
          -0.021963,
          0.999826,
          0.0,
          0.0,
          0.0,
          0.0,
          1.0
        ],
        [
          0.65615,
          0.905454,
          0.011461,
          -0.0,
          -0.754624,
          0.787193,
          0.014714,
          1.413427,
          0.003584,
          -0.021963,
          0.999826,
          0.0,
          0.0,
          0.0,
          0.0,
          1.0
        ],
        [
          0.65615,
          0.905454,
          0.011461,
          -0.0,
          -0.754623,
          0.787193,
          0.014714,
          1.413427,
          0.003584,
          -0.021963,
          0.999826,
          0.0,
          0.0,
          0.0,
          0.0,
          1.0
        ],
        [
          0.65615,
          0.905454,
          0.011461,
          -0.0,
          -0.754624,
          0.787193,
          0.014714,
          1.413427,
          0.003584,
          -0.021963,
          0.999826,
          0.0,
          0.0,
          0.0,
          0.0,
          1.0
        ],
        [
          0.65615,
          0.905454,
          0.011461,
          -0.0,
          -0.754623,
          0.787193,
          0.014714,
          1.413427,
          0.003584,
          -0.021963,
          0.999826,
          0.0,
          0.0,
          0.0,
          0.0,
          1.0
        ],
        [
          0.65615,
          0.905454,
          0.011461,
          -0.0,
          -0.754624,
          0.787193,
          0.014714,
          1.413427,
          0.003584,
          -0.021963,
          0.999826,
          0.0,
          0.0,
          0.0,
          0.0,
          1.0
        ],
        [
          0.65615,
          0.905454,
          0.011461,
          -0.0,
          -0.754623,
          0.787193,
          0.014714,
          1.413427,
          0.003584,
          -0.021963,
          0.999826,
          0.0,
          0.0,
          0.0,
          0.0,
          1.0
        ]
      ]
    },
    {
      "name": "Tentacle1_3.L",
      "time": [
        0.0,
        1.3
      ],
      "transform": [
        [
          0.920492,
          0.430366,
          0.155156,
          0.0,
          -0.345552,
          1.118964,
          -0.105321,
          1.41333,
          -0.18245,
          0.051999,
          0.98226,
          0.0,
          0.0,
          0.0,
          0.0,
          1.0
        ],
        [
          0.920492,
          0.430366,
          0.155156,
          -0.0,
          -0.345552,
          1.118964,
          -0.105321,
          1.41333,
          -0.18245,
          0.051999,
          0.98226,
          -0.0,
          0.0,
          0.0,
          0.0,
          1.0
        ]
      ]
    },
    {
      "name": "Tentacle2_0.L",
      "time": [
        0.0,
        1.3
      ],
      "transform": [
        [
          0.610399,
          -0.719238,
          0.331827,
          -0.909962,
          -0.161737,
          0.296925,
          0.941104,
          1.740983,
          -0.775406,
          -0.628118,
          0.064916,
          0.0,
          0.0,
          0.0,
          0.0,
          1.0
        ],
        [
          0.610399,
          -0.719238,
          0.331827,
          -0.909962,
          -0.161737,
          0.296925,
          0.941104,
          1.740983,
          -0.775406,
          -0.628118,
          0.064916,
          0.0,
          0.0,
          0.0,
          0.0,
          1.0
        ]
      ]
    },
    {
      "name": "Tentacle2_1.L",
      "time": [
        0.0,
        0.0333,
        0.0667,
        0.1,
        0.1333,
        0.1667,
        0.2,
        0.2333,
        0.2667,
        0.3,
        0.3333,
        0.3667,
        0.4,
        0.4333,
        1.3
      ],
      "transform": [
        [
          0.981744,
          0.116258,
          -0.150538,
          0.0,
          -0.046892,
          0.914962,
          0.400806,
          0.995597,
          0.184334,
          -0.386431,
          0.90371,
          -0.0,
          0.0,
          0.0,
          0.0,
          1.0
        ],
        [
          0.983343,
          0.10137,
          -0.150805,
          0.0,
          -0.033362,
          0.916527,
          0.398558,
          0.995597,
          0.178617,
          -0.386889,
          0.90466,
          -0.0,
          0.0,
          0.0,
          0.0,
          1.0
        ],
        [
          0.983872,
          0.096049,
          -0.150891,
          0.0,
          -0.028523,
          0.917045,
          0.39776,
          0.995597,
          0.176578,
          -0.387041,
          0.904997,
          -0.0,
          0.0,
          0.0,
          0.0,
          1.0
        ],
        [
          0.984052,
          0.094153,
          -0.15092,
          0.0,
          -0.026799,
          0.917221,
          0.397476,
          0.995597,
          0.175851,
          -0.387092,
          0.905117,
          -0.0,
          0.0,
          0.0,
          0.0,
          1.0
        ],
        [
          0.984115,
          0.093478,
          -0.150931,
          0.0,
          -0.026186,
          0.917283,
          0.397375,
          0.995597,
          0.175592,
          -0.38711,
          0.905159,
          -0.0,
          0.0,
          0.0,
          0.0,
          1.0
        ],
        [
          0.984137,
          0.093238,
          -0.150934,
          0.0,
          -0.025967,
          0.917305,
          0.397339,
          0.995597,
          0.1755,
          -0.387117,
          0.905174,
          -0.0,
          0.0,
          0.0,
          0.0,
          1.0
        ],
        [
          0.984145,
          0.093152,
          -0.150936,
          0.0,
          -0.025889,
          0.917313,
          0.397326,
          0.995597,
          0.175467,
          -0.387119,
          0.90518,
          -0.0,
          0.0,
          0.0,
          0.0,
          1.0
        ],
        [
          0.984148,
          0.093122,
          -0.150936,
          0.0,
          -0.025862,
          0.917315,
          0.397321,
          0.995597,
          0.175455,
          -0.38712,
          0.905182,
          -0.0,
          0.0,
          0.0,
          0.0,
          1.0
        ],
        [
          0.984149,
          0.093111,
          -0.150936,
          0.0,
          -0.025852,
          0.917316,
          0.39732,
          0.995597,
          0.175451,
          -0.38712,
          0.905183,
          -0.0,
          0.0,
          0.0,
          0.0,
          1.0
        ],
        [
          0.984149,
          0.093107,
          -0.150936,
          0.0,
          -0.025849,
          0.917317,
          0.397319,
          0.995597,
          0.17545,
          -0.38712,
          0.905183,
          -0.0,
          0.0,
          0.0,
          0.0,
          1.0
        ],
        [
          0.984149,
          0.093106,
          -0.150936,
          0.0,
          -0.025847,
          0.917317,
          0.397319,
          0.995597,
          0.175449,
          -0.38712,
          0.905183,
          -0.0,
          0.0,
          0.0,
          0.0,
          1.0
        ],
        [
          0.984149,
          0.093105,
          -0.150936,
          0.0,
          -0.025847,
          0.917316,
          0.397319,
          0.995597,
          0.175449,
          -0.38712,
          0.905183,
          -0.0,
          0.0,
          0.0,
          0.0,
          1.0
        ],
        [
          0.984149,
          0.093105,
          -0.150936,
          0.0,
          -0.025847,
          0.917317,
          0.397319,
          0.995597,
          0.175449,
          -0.38712,
          0.905183,
          -0.0,
          0.0,
          0.0,
          0.0,
          1.0
        ],
        [
          0.984149,
          0.093105,
          -0.150937,
          0.0,
          -0.025847,
          0.917316,
          0.397319,
          0.995597,
          0.175449,
          -0.38712,
          0.905183,
          -0.0,
          0.0,
          0.0,
          0.0,
          1.0
        ],
        [
          0.984149,
          0.093105,
          -0.150937,
          0.0,
          -0.025847,
          0.917316,
          0.397319,
          0.995597,
          0.175449,
          -0.38712,
          0.905183,
          -0.0,
          0.0,
          0.0,
          0.0,
          1.0
        ]
      ]
    },
    {
      "name": "Tentacle2_2.L",
      "time": [
        0.0,
        0.0333,
        0.0667,
        0.1,
        0.1333,
        0.1667,
        0.2,
        0.2333,
        0.2667,
        0.3,
        0.3333,
        0.3667,
        0.4,
        0.4333,
        1.3
      ],
      "transform": [
        [
          0.971418,
          -0.14506,
          -0.187895,
          0.0,
          0.234628,
          0.706841,
          0.667327,
          1.413076,
          0.036009,
          -0.692339,
          0.720674,
          0.0,
          0.0,
          0.0,
          0.0,
          1.0
        ],
        [
          0.965299,
          -0.182494,
          -0.186801,
          -0.0,
          0.260947,
          0.702145,
          0.662495,
          1.413075,
          0.01026,
          -0.688251,
          0.7254,
          0.0,
          0.0,
          0.0,
          0.0,
          1.0
        ],
        [
          0.961932,
          -0.200185,
          -0.186048,
          0.0,
          0.273285,
          0.700055,
          0.659727,
          1.413075,
          -0.001823,
          -0.685456,
          0.728112,
          0.0,
          0.0,
          0.0,
          0.0,
          1.0
        ],
        [
          0.960354,
          -0.207925,
          -0.185665,
          -0.0,
          0.278662,
          0.699155,
          0.65841,
          1.413075,
          -0.007102,
          -0.684051,
          0.729392,
          -0.0,
          0.0,
          0.0,
          0.0,
          1.0
        ],
        [
          0.959683,
          -0.211179,
          -0.185498,
          0.0,
          0.280926,
          0.698787,
          0.657855,
          1.413075,
          -0.009304,
          -0.683444,
          0.729942,
          -0.0,
          0.0,
          0.0,
          0.0,
          1.0
        ],
        [
          0.959406,
          -0.212501,
          -0.185428,
          -0.0,
          0.281844,
          0.698637,
          0.657624,
          1.413075,
          -0.010199,
          -0.683191,
          0.730169,
          0.0,
          0.0,
          0.0,
          0.0,
          1.0
        ],
        [
          0.959295,
          -0.213025,
          -0.1854,
          0.0,
          0.282208,
          0.698578,
          0.657532,
          1.413075,
          -0.010554,
          -0.683088,
          0.73026,
          0.0,
          0.0,
          0.0,
          0.0,
          1.0
        ],
        [
          0.959252,
          -0.213229,
          -0.185389,
          -0.0,
          0.282349,
          0.698555,
          0.657495,
          1.413075,
          -0.010693,
          -0.683048,
          0.730296,
          0.0,
          0.0,
          0.0,
          0.0,
          1.0
        ],
        [
          0.959235,
          -0.213308,
          -0.185384,
          -0.0,
          0.282404,
          0.698547,
          0.657481,
          1.413076,
          -0.010746,
          -0.683032,
          0.730309,
          -0.0,
          0.0,
          0.0,
          0.0,
          1.0
        ],
        [
          0.959229,
          -0.213338,
          -0.185382,
          0.0,
          0.282425,
          0.698543,
          0.657475,
          1.413075,
          -0.010767,
          -0.683026,
          0.730314,
          0.0,
          0.0,
          0.0,
          0.0,
          1.0
        ],
        [
          0.959227,
          -0.213349,
          -0.185382,
          0.0,
          0.282432,
          0.698542,
          0.657473,
          1.413075,
          -0.010774,
          -0.683024,
          0.730317,
          -0.0,
          0.0,
          0.0,
          0.0,
          1.0
        ],
        [
          0.959226,
          -0.213353,
          -0.185382,
          -0.0,
          0.282436,
          0.698541,
          0.657473,
          1.413075,
          -0.010777,
          -0.683023,
          0.730317,
          0.0,
          0.0,
          0.0,
          0.0,
          1.0
        ],
        [
          0.959225,
          -0.213355,
          -0.185382,
          0.0,
          0.282437,
          0.698541,
          0.657472,
          1.413075,
          -0.010778,
          -0.683023,
          0.730318,
          0.0,
          0.0,
          0.0,
          0.0,
          1.0
        ],
        [
          0.959225,
          -0.213356,
          -0.185381,
          0.0,
          0.282437,
          0.698541,
          0.657472,
          1.413075,
          -0.010779,
          -0.683022,
          0.730318,
          0.0,
          0.0,
          0.0,
          0.0,
          1.0
        ],
        [
          0.959225,
          -0.213356,
          -0.185381,
          0.0,
          0.282437,
          0.698541,
          0.657472,
          1.413075,
          -0.010779,
          -0.683022,
          0.730318,
          0.0,
          0.0,
          0.0,
          0.0,
          1.0
        ]
      ]
    },
    {
      "name": "Tentacle2_3.L",
      "time": [
        0.0,
        0.0333,
        0.0667,
        0.1,
        0.1333,
        0.1667,
        0.2,
        0.2333,
        0.2667,
        0.3,
        0.3333,
        0.3667,
        0.4667,
        0.5,
        0.5333,
        1.3
      ],
      "transform": [
        [
          0.988555,
          -0.124882,
          0.084639,
          -0.0,
          0.075957,
          0.896748,
          0.435975,
          1.413327,
          -0.130345,
          -0.424557,
          0.89597,
          0.0,
          0.0,
          0.0,
          0.0,
          1.0
        ],
        [
          0.988555,
          -0.124882,
          0.084639,
          0.0,
          0.075957,
          0.896747,
          0.435975,
          1.413327,
          -0.130345,
          -0.424557,
          0.89597,
          0.0,
          0.0,
          0.0,
          0.0,
          1.0
        ],
        [
          0.988555,
          -0.124882,
          0.084639,
          -0.0,
          0.075957,
          0.896748,
          0.435975,
          1.413327,
          -0.130345,
          -0.424557,
          0.89597,
          0.0,
          0.0,
          0.0,
          0.0,
          1.0
        ],
        [
          0.988555,
          -0.124882,
          0.084639,
          0.0,
          0.075957,
          0.896748,
          0.435975,
          1.413327,
          -0.130345,
          -0.424557,
          0.89597,
          -0.0,
          0.0,
          0.0,
          0.0,
          1.0
        ],
        [
          0.988555,
          -0.124882,
          0.084639,
          0.0,
          0.075957,
          0.896747,
          0.435975,
          1.413327,
          -0.130345,
          -0.424557,
          0.89597,
          0.0,
          0.0,
          0.0,
          0.0,
          1.0
        ],
        [
          0.988555,
          -0.124882,
          0.084639,
          -0.0,
          0.075957,
          0.896748,
          0.435975,
          1.413327,
          -0.130345,
          -0.424557,
          0.89597,
          -0.0,
          0.0,
          0.0,
          0.0,
          1.0
        ],
        [
          0.988555,
          -0.124882,
          0.084639,
          -0.0,
          0.075957,
          0.896748,
          0.435975,
          1.413327,
          -0.130345,
          -0.424557,
          0.89597,
          -0.0,
          0.0,
          0.0,
          0.0,
          1.0
        ],
        [
          0.988555,
          -0.124882,
          0.084639,
          -0.0,
          0.075956,
          0.896748,
          0.435975,
          1.413327,
          -0.130345,
          -0.424557,
          0.89597,
          0.0,
          0.0,
          0.0,
          0.0,
          1.0
        ],
        [
          0.988555,
          -0.124882,
          0.084639,
          0.0,
          0.075957,
          0.896748,
          0.435975,
          1.413327,
          -0.130345,
          -0.424557,
          0.89597,
          0.0,
          0.0,
          0.0,
          0.0,
          1.0
        ],
        [
          0.988555,
          -0.124882,
          0.084639,
          0.0,
          0.075956,
          0.896748,
          0.435975,
          1.413327,
          -0.130345,
          -0.424557,
          0.89597,
          0.0,
          0.0,
          0.0,
          0.0,
          1.0
        ],
        [
          0.988555,
          -0.124882,
          0.084639,
          -0.0,
          0.075957,
          0.896747,
          0.435975,
          1.413327,
          -0.130345,
          -0.424557,
          0.89597,
          0.0,
          0.0,
          0.0,
          0.0,
          1.0
        ],
        [
          0.988555,
          -0.124882,
          0.084639,
          0.0,
          0.075957,
          0.896748,
          0.435975,
          1.413327,
          -0.130345,
          -0.424557,
          0.89597,
          -0.0,
          0.0,
          0.0,
          0.0,
          1.0
        ],
        [
          0.988555,
          -0.124882,
          0.084639,
          -0.0,
          0.075957,
          0.896748,
          0.435975,
          1.413327,
          -0.130345,
          -0.424557,
          0.89597,
          -0.0,
          0.0,
          0.0,
          0.0,
          1.0
        ],
        [
          0.988555,
          -0.124882,
          0.084639,
          -0.0,
          0.075957,
          0.896748,
          0.435975,
          1.413328,
          -0.130345,
          -0.424557,
          0.89597,
          0.0,
          0.0,
          0.0,
          0.0,
          1.0
        ],
        [
          0.988555,
          -0.124882,
          0.084639,
          0.0,
          0.075957,
          0.896748,
          0.435975,
          1.413327,
          -0.130345,
          -0.424557,
          0.89597,
          0.0,
          0.0,
          0.0,
          0.0,
          1.0
        ],
        [
          0.988555,
          -0.124882,
          0.084639,
          -0.0,
          0.075957,
          0.896748,
          0.435975,
          1.413327,
          -0.130345,
          -0.424557,
          0.89597,
          -0.0,
          0.0,
          0.0,
          0.0,
          1.0
        ]
      ]
    },
    {
      "name": "Tentacle3_0.L",
      "time": [
        0.0,
        0.0333,
        0.0667,
        0.1,
        0.1333,
        0.1667,
        0.2,
        0.2333,
        0.2667,
        0.3,
        0.3333,
        0.3667,
        0.4,
        0.4333,
        0.4667,
        0.5,
        0.5333,
        0.5667,
        0.6,
        0.6333,
        0.6667,
        0.7,
        0.7333,
        0.7667,
        0.8,
        0.8333,
        0.8667,
        0.9,
        0.9333,
        0.9667,
        1.0,
        1.0333,
        1.0667,
        1.1,
        1.1333,
        1.1667,
        1.2,
        1.2333,
        1.2667,
        1.3
      ],
      "transform": [
        [
          -0.713563,
          -0.700591,
          0.0,
          -0.972423,
          0.0,
          0.0,
          1.0,
          0.858281,
          -0.700591,
          0.713563,
          0.0,
          0.0,
          0.0,
          0.0,
          0.0,
          1.0
        ],
        [
          -0.724801,
          -0.686261,
          -0.036737,
          -0.972423,
          -0.030063,
          -0.021636,
          0.999313,
          0.858281,
          -0.688302,
          0.723595,
          -0.004962,
          0.0,
          0.0,
          0.0,
          0.0,
          1.0
        ],
        [
          -0.74696,
          -0.645482,
          -0.133459,
          -0.972423,
          -0.111187,
          -0.07485,
          0.990925,
          0.858281,
          -0.655506,
          0.748233,
          -0.016003,
          0.0,
          0.0,
          0.0,
          0.0,
          1.0
        ],
        [
          -0.760109,
          -0.581657,
          -0.267221,
          -0.972423,
          -0.22754,
          -0.140018,
          0.963274,
          0.858281,
          -0.608653,
          0.778739,
          -0.026396,
          0.0,
          0.0,
          0.0,
          0.0,
          1.0
        ],
        [
          -0.749489,
          -0.503324,
          -0.412483,
          -0.972423,
          -0.359181,
          -0.19959,
          0.9104,
          0.858281,
          -0.556107,
          0.807264,
          -0.032092,
          0.0,
          0.0,
          0.0,
          0.0,
          1.0
        ],
        [
          -0.711835,
          -0.424588,
          -0.546546,
          -0.972423,
          -0.485774,
          -0.243343,
          0.836726,
          0.858281,
          -0.507262,
          0.828854,
          -0.034319,
          0.0,
          0.0,
          0.0,
          0.0,
          1.0
        ],
        [
          -0.654238,
          -0.360861,
          -0.655139,
          -0.972423,
          -0.59237,
          -0.269832,
          0.754502,
          0.858281,
          -0.470182,
          0.842077,
          -0.038981,
          0.0,
          0.0,
          0.0,
          0.0,
          1.0
        ],
        [
          -0.5881,
          -0.325304,
          -0.732901,
          -0.972423,
          -0.67173,
          -0.283544,
          0.678155,
          0.858281,
          -0.450463,
          0.847519,
          -0.054428,
          0.0,
          0.0,
          0.0,
          0.0,
          1.0
        ],
        [
          -0.523399,
          -0.329084,
          -0.778829,
          -0.972423,
          -0.722172,
          -0.290532,
          0.62076,
          0.858281,
          -0.452239,
          0.84481,
          -0.089902,
          0.0,
          0.0,
          0.0,
          0.0,
          1.0
        ],
        [
          -0.465291,
          -0.384726,
          -0.789143,
          -0.972423,
          -0.743401,
          -0.294512,
          0.594264,
          0.858281,
          -0.480478,
          0.828238,
          -0.155253,
          0.0,
          0.0,
          0.0,
          0.0,
          1.0
        ],
        [
          -0.410684,
          -0.509676,
          -0.747056,
          -0.972423,
          -0.732129,
          -0.291812,
          0.611894,
          0.858281,
          -0.543439,
          0.778304,
          -0.259794,
          0.0,
          0.0,
          0.0,
          0.0,
          1.0
        ],
        [
          -0.338596,
          -0.720927,
          -0.604663,
          -0.972423,
          -0.678211,
          -0.258447,
          0.687921,
          0.858281,
          -0.652214,
          0.643016,
          -0.401431,
          0.0,
          0.0,
          0.0,
          0.0,
          1.0
        ],
        [
          -0.18578,
          -0.970039,
          -0.295088,
          -0.972423,
          -0.573079,
          -0.145518,
          0.80735,
          0.858281,
          -0.798165,
          0.330267,
          -0.510989,
          0.0,
          0.0,
          0.0,
          0.0,
          1.0
        ],
        [
          0.120923,
          -1.066918,
          0.059588,
          -0.972423,
          -0.437696,
          0.000706,
          0.899123,
          0.858281,
          -0.890954,
          -0.145152,
          -0.433622,
          0.0,
          0.0,
          0.0,
          0.0,
          1.0
        ],
        [
          0.524794,
          -0.938365,
          0.154529,
          -0.972423,
          -0.250973,
          0.023887,
          0.967759,
          0.858281,
          -0.81339,
          -0.612797,
          -0.198903,
          0.0,
          0.0,
          0.0,
          0.0,
          1.0
        ],
        [
          0.824932,
          -0.635486,
          -0.145476,
          -0.972423,
          0.093138,
          -0.142533,
          0.988088,
          0.858281,
          -0.557505,
          -0.964132,
          -0.050187,
          0.0,
          0.0,
          0.0,
          0.0,
          1.0
        ],
        [
          0.835931,
          -0.244165,
          -0.509725,
          -0.972423,
          0.468108,
          -0.264636,
          0.855711,
          0.858281,
          -0.286522,
          -1.144706,
          -0.089101,
          0.0,
          0.0,
          0.0,
          0.0,
          1.0
        ],
        [
          0.718181,
          0.038342,
          -0.695155,
          -0.972423,
          0.684036,
          -0.263897,
          0.697028,
          0.858281,
          -0.127713,
          -1.197833,
          -0.175815,
          0.0,
          0.0,
          0.0,
          0.0,
          1.0
        ],
        [
          0.61674,
          0.193277,
          -0.77171,
          -0.972423,
          0.785369,
          -0.23355,
          0.589926,
          0.858281,
          -0.053179,
          -1.207646,
          -0.237595,
          0.0,
          0.0,
          0.0,
          0.0,
          1.0
        ],
        [
          0.557461,
          0.262804,
          -0.803356,
          -0.972423,
          0.829776,
          -0.215334,
          0.531062,
          0.858281,
          -0.026635,
          -1.208037,
          -0.26943,
          0.0,
          0.0,
          0.0,
          0.0,
          1.0
        ],
        [
          0.536384,
          0.273834,
