{
  "animation": [
    {
      "name": "Root",
      "time": [
        0.0,
        0.0333,
        0.0667,
        0.1,
        0.1333,
        0.1667,
        0.2,
        0.2333,
        0.2667,
        0.3,
        0.3333,
        0.3667,
        0.4,
        0.4333,
        0.4667,
        0.5,
        0.5333,
        0.5667,
        0.6,
        0.6333,
        0.6667,
        0.7,
        0.7333,
        0.7667,
        0.8,
        0.8333,
        0.8667,
        0.9,
        0.9333,
        0.9667,
        1.0,
        1.0333,
        1.0667,
        1.1
      ],
      "transform": [
        [
          1.0,
          0.0,
          0.0,
          0.0,
          0.0,
          0.0,
          -1.0,
          0.0,
          0.0,
          1.0,
          0.0,
          0.0,
          0.0,
          0.0,
          0.0,
          1.0
        ],
        [
          1.0,
          0.0,
          0.0,
          0.0,
          0.0,
          0.0,
          -1.0,
          0.0,
          0.0,
          1.0,
          0.0,
          0.0,
          0.0,
          0.0,
          0.0,
          1.0
        ],
        [
          1.0,
          0.0,
          0.0,
          0.0,
          0.0,
          0.0,
          -1.0,
          0.0,
          0.0,
          1.0,
          0.0,
          0.0,
          0.0,
          0.0,
          0.0,
          1.0
        ],
        [
          1.0,
          0.0,
          0.0,
          0.0,
          0.0,
          0.0,
          -1.0,
          0.0,
          0.0,
          1.0,
          0.0,
          0.0,
          0.0,
          0.0,
          0.0,
          1.0
        ],
        [
          1.0,
          0.0,
          0.0,
          0.0,
          0.0,
          0.0,
          -1.0,
          0.0,
          0.0,
          1.0,
          0.0,
          0.0,
          0.0,
          0.0,
          0.0,
          1.0
        ],
        [
          1.0,
          0.0,
          0.0,
          0.0,
          0.0,
          0.0,
          -1.0,
          0.0,
          0.0,
          1.0,
          0.0,
          0.0,
          0.0,
          0.0,
          0.0,
          1.0
        ],
        [
          1.0,
          0.0,
          0.0,
          0.0,
          0.0,
          0.0,
          -1.0,
          0.0,
          0.0,
          1.0,
          0.0,
          0.0,
          0.0,
          0.0,
          0.0,
          1.0
        ],
        [
          1.0,
          0.0,
          0.0,
          0.0,
          0.0,
          0.0,
          -1.0,
          0.0,
          0.0,
          1.0,
          0.0,
          0.0,
          0.0,
          0.0,
          0.0,
          1.0
        ],
        [
          1.0,
          0.0,
          0.0,
          0.0,
          0.0,
          0.0,
          -1.0,
          0.0,
          0.0,
          1.0,
          0.0,
          0.0,
          0.0,
          0.0,
          0.0,
          1.0
        ],
        [
          1.0,
          0.0,
          0.0,
          0.0,
          0.0,
          0.0,
          -1.0,
          0.0,
          0.0,
          1.0,
          0.0,
          0.0,
          0.0,
          0.0,
          0.0,
          1.0
        ],
        [
          1.0,
          0.0,
          0.0,
          0.0,
          0.0,
          0.0,
          -1.0,
          0.0,
          0.0,
          1.0,
          0.0,
          0.0,
          0.0,
          0.0,
          0.0,
          1.0
        ],
        [
          1.0,
          0.0,
          0.0,
          0.0,
          0.0,
          0.0,
          -1.0,
          0.0,
          0.0,
          1.0,
          0.0,
          0.0,
          0.0,
          0.0,
          0.0,
          1.0
        ],
        [
          1.0,
          0.0,
          0.0,
          0.0,
          0.0,
          0.0,
          -1.0,
          0.0,
          0.0,
          1.0,
          0.0,
          0.0,
          0.0,
          0.0,
          0.0,
          1.0
        ],
        [
          1.0,
          0.0,
          0.0,
          0.0,
          0.0,
          0.0,
          -1.0,
          0.0,
          0.0,
          1.0,
          0.0,
          0.0,
          0.0,
          0.0,
          0.0,
          1.0
        ],
        [
          1.0,
          0.0,
          0.0,
          0.0,
          0.0,
          0.0,
          -1.0,
          0.0,
          0.0,
          1.0,
          0.0,
          0.0,
          0.0,
          0.0,
          0.0,
          1.0
        ],
        [
          1.0,
          0.0,
          0.0,
          0.0,
          0.0,
          0.0,
          -1.0,
          0.0,
          0.0,
          1.0,
          0.0,
          0.0,
          0.0,
          0.0,
          0.0,
          1.0
        ],
        [
          1.0,
          0.0,
          0.0,
          0.0,
          0.0,
          0.0,
          -1.0,
          0.0,
          0.0,
          1.0,
          0.0,
          0.0,
          0.0,
          0.0,
          0.0,
          1.0
        ],
        [
          1.0,
          0.0,
          0.0,
          0.0,
          0.0,
          0.0,
          -1.0,
          0.0,
          0.0,
          1.0,
          0.0,
          0.0,
          0.0,
          0.0,
          0.0,
          1.0
        ],
        [
          1.0,
          0.0,
          0.0,
          0.0,
          0.0,
          0.0,
          -1.0,
          0.0,
          0.0,
          1.0,
          0.0,
          0.0,
          0.0,
          0.0,
          0.0,
          1.0
        ],
        [
          1.0,
          0.0,
          0.0,
          0.0,
          0.0,
          0.0,
          -1.0,
          0.0,
          0.0,
          1.0,
          0.0,
          0.0,
          0.0,
          0.0,
          0.0,
          1.0
        ],
        [
          1.0,
          0.0,
          0.0,
          0.0,
          0.0,
          0.0,
          -1.0,
          0.0,
          0.0,
          1.0,
          0.0,
          0.0,
          0.0,
          0.0,
          0.0,
          1.0
        ],
        [
          1.0,
          0.0,
          0.0,
          0.0,
          0.0,
          0.0,
          -1.0,
          0.0,
          0.0,
          1.0,
          0.0,
          0.0,
          0.0,
          0.0,
          0.0,
          1.0
        ],
        [
          1.0,
          0.0,
          0.0,
          0.0,
          0.0,
          0.0,
          -1.0,
          0.0,
          0.0,
          1.0,
          0.0,
          0.0,
          0.0,
          0.0,
          0.0,
          1.0
        ],
        [
          1.0,
          0.0,
          0.0,
          0.0,
          0.0,
          0.0,
          -1.0,
          0.0,
          0.0,
          1.0,
          0.0,
          0.0,
          0.0,
          0.0,
          0.0,
          1.0
        ],
        [
          1.0,
          0.0,
          0.0,
          0.0,
          0.0,
          0.0,
          -1.0,
          0.0,
          0.0,
          1.0,
          0.0,
          0.0,
          0.0,
          0.0,
          0.0,
          1.0
        ],
        [
          1.0,
          0.0,
          0.0,
          0.0,
          0.0,
          0.0,
          -1.0,
          0.0,
          0.0,
          1.0,
          0.0,
          0.0,
          0.0,
          0.0,
          0.0,
          1.0
        ],
        [
          1.0,
          0.0,
          0.0,
          0.0,
          0.0,
          0.0,
          -1.0,
          0.0,
          0.0,
          1.0,
          0.0,
          0.0,
          0.0,
          0.0,
          0.0,
          1.0
        ],
        [
          1.0,
          0.0,
          0.0,
          0.0,
          0.0,
          0.0,
          -1.0,
          0.0,
          0.0,
          1.0,
          0.0,
          0.0,
          0.0,
          0.0,
          0.0,
          1.0
        ],
        [
          1.0,
          0.0,
          0.0,
          0.0,
          0.0,
          0.0,
          -1.0,
          0.0,
          0.0,
          1.0,
          0.0,
          0.0,
          0.0,
          0.0,
          0.0,
          1.0
        ],
        [
          1.0,
          0.0,
          0.0,
          0.0,
          0.0,
          0.0,
          -1.0,
          0.0,
          0.0,
          1.0,
          0.0,
          0.0,
          0.0,
          0.0,
          0.0,
          1.0
        ],
        [
          1.0,
          0.0,
          0.0,
          0.0,
          0.0,
          0.0,
          -1.0,
          0.0,
          0.0,
          1.0,
          0.0,
          0.0,
          0.0,
          0.0,
          0.0,
          1.0
        ],
        [
          1.0,
          0.0,
          0.0,
          0.0,
          0.0,
          0.0,
          -1.0,
          0.0,
          0.0,
          1.0,
          0.0,
          0.0,
          0.0,
          0.0,
          0.0,
          1.0
        ],
        [
          1.0,
          0.0,
          0.0,
          0.0,
          0.0,
          0.0,
          -1.0,
          0.0,
          0.0,
          1.0,
          0.0,
          0.0,
          0.0,
          0.0,
          0.0,
          1.0
        ],
        [
          1.0,
          0.0,
          0.0,
          0.0,
          0.0,
          0.0,
          -1.0,
          0.0,
          0.0,
          1.0,
          0.0,
          0.0,
          0.0,
          0.0,
          0.0,
          1.0
        ]
      ]
    },
    {
      "name": "Tablet",
      "time": [
        0.0,
        0.0333,
        0.0667,
        0.1,
        0.1333,
        0.1667,
        0.2,
        0.2333,
        0.2667,
        0.3,
        0.3333,
        0.3667,
        0.4,
        0.4333,
        0.4667,
        0.5,
        0.5333,
        0.5667,
        0.6,
        0.6333,
        0.6667,
        0.7,
        0.7333,
        0.7667,
        0.8,
        0.8333,
        0.8667,
        0.9,
        0.9333,
        0.9667,
        1.0,
        1.0333,
        1.0667,
        1.1
      ],
      "transform": [
        [
          1.0,
          0.0,
          0.0,
          0.0,
          0.0,
          1.0,
          0.0,
          0.4,
          0.0,
          0.0,
          1.0,
          0.0,
          0.0,
          0.0,
          0.0,
          1.0
        ],
        [
          1.0,
          0.0,
          0.0,
          0.0,
          0.0,
          1.0,
          0.0,
          0.4,
          0.0,
          0.0,
          1.0,
          0.0,
          0.0,
          0.0,
          0.0,
          1.0
        ],
        [
          1.0,
          0.0,
          0.0,
          0.0,
          0.0,
          1.0,
          0.0,
          0.4,
          0.0,
          0.0,
          1.0,
          0.0,
          0.0,
          0.0,
          0.0,
          1.0
        ],
        [
          1.0,
          0.0,
          0.0,
          0.0,
          0.0,
          1.0,
          0.0,
          0.4,
          0.0,
          0.0,
          1.0,
          0.0,
          0.0,
          0.0,
          0.0,
          1.0
        ],
        [
          1.0,
          0.0,
          0.0,
          0.0,
          0.0,
          1.0,
          0.0,
          0.4,
          0.0,
          0.0,
          1.0,
          0.0,
          0.0,
          0.0,
          0.0,
          1.0
        ],
        [
          1.0,
          0.0,
          0.0,
          0.0,
          0.0,
          1.0,
          0.0,
          0.4,
          0.0,
          0.0,
          1.0,
          0.0,
          0.0,
          0.0,
          0.0,
          1.0
        ],
        [
          1.0,
          0.0,
          0.0,
          0.0,
          0.0,
          1.0,
          0.0,
          0.4,
          0.0,
          0.0,
          1.0,
          0.0,
          0.0,
          0.0,
          0.0,
          1.0
        ],
        [
          1.0,
          0.0,
          0.0,
          0.0,
          0.0,
          1.0,
          0.0,
          0.4,
          0.0,
          0.0,
          1.0,
          0.0,
          0.0,
          0.0,
          0.0,
          1.0
        ],
        [
          1.0,
          0.0,
          0.0,
          0.0,
          0.0,
          1.0,
          0.0,
          0.4,
          0.0,
          0.0,
          1.0,
          0.0,
          0.0,
          0.0,
          0.0,
          1.0
        ],
        [
          1.0,
          0.0,
          0.0,
          0.0,
          0.0,
          1.0,
          0.0,
          0.4,
          0.0,
          0.0,
          1.0,
          0.0,
          0.0,
          0.0,
          0.0,
          1.0
        ],
        [
          1.0,
          0.0,
          0.0,
          0.0,
          0.0,
          1.0,
          0.0,
          0.4,
          0.0,
          0.0,
          1.0,
          0.0,
          0.0,
          0.0,
          0.0,
          1.0
        ],
        [
          1.0,
          0.0,
          0.0,
          0.0,
          0.0,
          1.0,
          0.0,
          0.4,
          0.0,
          0.0,
          1.0,
          0.0,
          0.0,
          0.0,
          0.0,
          1.0
        ],
        [
          1.0,
          0.0,
          0.0,
          0.0,
          0.0,
          1.0,
          0.0,
          0.4,
          0.0,
          0.0,
          1.0,
          0.0,
          0.0,
          0.0,
          0.0,
          1.0
        ],
        [
          1.0,
          0.0,
          0.0,
          0.0,
          0.0,
          1.0,
          0.0,
          0.4,
          0.0,
          0.0,
          1.0,
          0.0,
          0.0,
          0.0,
          0.0,
          1.0
        ],
        [
          1.0,
          0.0,
          0.0,
          0.0,
          0.0,
          1.0,
          0.0,
          0.4,
          0.0,
          0.0,
          1.0,
          0.0,
          0.0,
          0.0,
          0.0,
          1.0
        ],
        [
          1.0,
          0.0,
          0.0,
          0.0,
          0.0,
          1.0,
          0.0,
          0.4,
          0.0,
          0.0,
          1.0,
          0.0,
          0.0,
          0.0,
          0.0,
          1.0
        ],
        [
          1.0,
          0.0,
          0.0,
          0.0,
          0.0,
          1.0,
          0.0,
          0.4,
          0.0,
          0.0,
          1.0,
          0.0,
          0.0,
          0.0,
          0.0,
          1.0
        ],
        [
          1.0,
          0.0,
          0.0,
          0.0,
          0.0,
          1.0,
          0.0,
          0.4,
          0.0,
          0.0,
          1.0,
          0.0,
          0.0,
          0.0,
          0.0,
          1.0
        ],
        [
          1.0,
          0.0,
          0.0,
          0.0,
          0.0,
          1.0,
          0.0,
          0.4,
          0.0,
          0.0,
          1.0,
          0.0,
          0.0,
          0.0,
          0.0,
          1.0
        ],
        [
          1.0,
          0.0,
          0.0,
          0.0,
          0.0,
          1.0,
          0.0,
          0.4,
          0.0,
          0.0,
          1.0,
          0.0,
          0.0,
          0.0,
          0.0,
          1.0
        ],
        [
          1.0,
          0.0,
          0.0,
          0.0,
          0.0,
          1.0,
          0.0,
          0.4,
          0.0,
          0.0,
          1.0,
          0.0,
          0.0,
          0.0,
          0.0,
          1.0
        ],
        [
          1.0,
          0.0,
          0.0,
          0.0,
          0.0,
          1.0,
          0.0,
          0.4,
          0.0,
          0.0,
          1.0,
          0.0,
          0.0,
          0.0,
          0.0,
          1.0
        ],
        [
          1.0,
          0.0,
          0.0,
          0.0,
          0.0,
          1.0,
          0.0,
          0.4,
          0.0,
          0.0,
          1.0,
          0.0,
          0.0,
          0.0,
          0.0,
          1.0
        ],
        [
          1.0,
          0.0,
          0.0,
          0.0,
          0.0,
          1.0,
          0.0,
          0.4,
          0.0,
          0.0,
          1.0,
          0.0,
          0.0,
          0.0,
          0.0,
          1.0
        ],
        [
          1.0,
          0.0,
          0.0,
          0.0,
          0.0,
          1.0,
          0.0,
          0.4,
          0.0,
          0.0,
          1.0,
          0.0,
          0.0,
          0.0,
          0.0,
          1.0
        ],
        [
          1.0,
          0.0,
          0.0,
          0.0,
          0.0,
          1.0,
          0.0,
          0.4,
          0.0,
          0.0,
          1.0,
          0.0,
          0.0,
          0.0,
          0.0,
          1.0
        ],
        [
          1.0,
          0.0,
          0.0,
          0.0,
          0.0,
          1.0,
          0.0,
          0.4,
          0.0,
          0.0,
          1.0,
          0.0,
          0.0,
          0.0,
          0.0,
          1.0
        ],
        [
          1.0,
          0.0,
          0.0,
          0.0,
          0.0,
          1.0,
          0.0,
          0.4,
          0.0,
          0.0,
          1.0,
          0.0,
          0.0,
          0.0,
          0.0,
          1.0
        ],
        [
          1.0,
          0.0,
          0.0,
          0.0,
          0.0,
          1.0,
          0.0,
          0.4,
          0.0,
          0.0,
          1.0,
          0.0,
          0.0,
          0.0,
          0.0,
          1.0
        ],
        [
          1.0,
          0.0,
          0.0,
          0.0,
          0.0,
          1.0,
          0.0,
          0.4,
          0.0,
          0.0,
          1.0,
          0.0,
          0.0,
          0.0,
          0.0,
          1.0
        ],
        [
          1.0,
          0.0,
          0.0,
          0.0,
          0.0,
          1.0,
          0.0,
          0.4,
          0.0,
          0.0,
          1.0,
          0.0,
          0.0,
          0.0,
          0.0,
          1.0
        ],
        [
          1.0,
          0.0,
          0.0,
          0.0,
          0.0,
          1.0,
          0.0,
          0.4,
          0.0,
          0.0,
          1.0,
          0.0,
          0.0,
          0.0,
          0.0,
          1.0
        ],
        [
          1.0,
          0.0,
          0.0,
          0.0,
          0.0,
          1.0,
          0.0,
          0.4,
          0.0,
          0.0,
          1.0,
          0.0,
          0.0,
          0.0,
          0.0,
          1.0
        ],
        [
          1.0,
          0.0,
          0.0,
          0.0,
          0.0,
          1.0,
          0.0,
          0.4,
          0.0,
          0.0,
          1.0,
          0.0,
          0.0,
          0.0,
          0.0,
          1.0
        ]
      ]
    },
    {
      "name": "Tentacle1_0.L",
      "time": [
        0.0,
        0.0333,
        0.0667,
        0.1,
        0.1333,
        0.1667,
        0.2,
        0.2333,
        0.2667,
        0.3,
        0.3333,
        0.3667,
        0.4,
        0.4333,
        0.4667,
        0.5,
        0.5333,
        0.5667,
        0.6,
        0.6333,
        0.6667,
        0.7,
        0.7333,
        0.7667,
        0.8,
        0.8333,
        0.8667,
        0.9,
        0.9333,
        0.9667,
        1.0,
        1.0333,
        1.0667,
        1.1
      ],
      "transform": [
        [
          0.0,
          -1.0,
          0.0,
          -0.848016,
          -0.0,
          0.0,
          1.0,
          2.615983,
          -1.0,
          0.0,
          -0.0,
          0.0,
          0.0,
          0.0,
          0.0,
          1.0
        ],
        [
          0.0,
          -1.0,
          0.0,
          -0.848016,
          -0.0,
          0.0,
          1.0,
          2.615983,
          -1.0,
          0.0,
          -0.0,
          0.0,
          0.0,
          0.0,
          0.0,
          1.0
        ],
        [
          0.0,
          -1.0,
          0.0,
          -0.848016,
          -0.0,
          0.0,
          1.0,
          2.615983,
          -1.0,
          0.0,
          -0.0,
          0.0,
          0.0,
          0.0,
          0.0,
          1.0
        ],
        [
          0.0,
          -1.0,
          0.0,
          -0.848016,
          -0.0,
          0.0,
          1.0,
          2.615983,
          -1.0,
          0.0,
          -0.0,
          0.0,
          0.0,
          0.0,
          0.0,
          1.0
        ],
        [
          0.0,
          -1.0,
          0.0,
          -0.848016,
          -0.0,
          0.0,
          1.0,
          2.615983,
          -1.0,
          0.0,
          -0.0,
          0.0,
          0.0,
          0.0,
          0.0,
          1.0
        ],
        [
          0.0,
          -1.0,
          0.0,
          -0.848016,
          -0.0,
          0.0,
          1.0,
          2.615983,
          -1.0,
          0.0,
          -0.0,
          0.0,
          0.0,
          0.0,
          0.0,
          1.0
        ],
        [
          0.0,
          -1.0,
          0.0,
          -0.848016,
          -0.0,
          0.0,
          1.0,
          2.615983,
          -1.0,
          0.0,
          -0.0,
          0.0,
          0.0,
          0.0,
          0.0,
          1.0
        ],
        [
          0.0,
          -1.0,
          0.0,
          -0.848016,
          -0.0,
          0.0,
          1.0,
          2.615983,
          -1.0,
          0.0,
          -0.0,
          0.0,
          0.0,
          0.0,
          0.0,
          1.0
        ],
        [
          0.0,
          -1.0,
          0.0,
          -0.848016,
          -0.0,
          0.0,
          1.0,
          2.615983,
          -1.0,
          0.0,
          -0.0,
          0.0,
          0.0,
          0.0,
          0.0,
          1.0
        ],
        [
          0.0,
          -1.0,
          0.0,
          -0.848016,
          -0.0,
          0.0,
          1.0,
          2.615983,
          -1.0,
          0.0,
          -0.0,
          0.0,
          0.0,
          0.0,
          0.0,
          1.0
        ],
        [
          0.0,
          -1.0,
          0.0,
          -0.848016,
          -0.0,
          0.0,
          1.0,
          2.615983,
          -1.0,
          0.0,
          -0.0,
          0.0,
          0.0,
          0.0,
          0.0,
          1.0
        ],
        [
          0.0,
          -1.0,
          0.0,
          -0.848016,
          -0.0,
          0.0,
          1.0,
          2.615983,
          -1.0,
          0.0,
          -0.0,
          0.0,
          0.0,
          0.0,
          0.0,
          1.0
        ],
        [
          0.0,
          -1.0,
          0.0,
          -0.848016,
          -0.0,
          0.0,
          1.0,
          2.615983,
          -1.0,
          0.0,
          -0.0,
          0.0,
          0.0,
          0.0,
          0.0,
          1.0
        ],
        [
          0.0,
          -1.0,
          0.0,
          -0.848016,
          -0.0,
          0.0,
          1.0,
          2.615983,
          -1.0,
          0.0,
          -0.0,
          0.0,
          0.0,
          0.0,
          0.0,
          1.0
        ],
        [
          0.0,
          -1.0,
          0.0,
          -0.848016,
          -0.0,
          0.0,
          1.0,
          2.615983,
          -1.0,
          0.0,
          -0.0,
          0.0,
          0.0,
          0.0,
          0.0,
          1.0
        ],
        [
          0.0,
          -1.0,
          0.0,
          -0.848016,
          -0.0,
          0.0,
          1.0,
          2.615983,
          -1.0,
          0.0,
          -0.0,
          0.0,
          0.0,
          0.0,
          0.0,
          1.0
        ],
        [
          0.0,
          -1.0,
          0.0,
          -0.848016,
          -0.0,
          0.0,
          1.0,
          2.615983,
          -1.0,
          0.0,
          -0.0,
          0.0,
          0.0,
          0.0,
          0.0,
          1.0
        ],
        [
          0.0,
          -1.0,
          0.0,
          -0.848016,
          -0.0,
          0.0,
          1.0,
          2.615983,
          -1.0,
          0.0,
          -0.0,
          0.0,
          0.0,
          0.0,
          0.0,
          1.0
        ],
        [
          0.0,
          -1.0,
          0.0,
          -0.848016,
          -0.0,
          0.0,
          1.0,
          2.615983,
          -1.0,
          0.0,
          -0.0,
          0.0,
          0.0,
          0.0,
          0.0,
          1.0
        ],
        [
          0.0,
          -1.0,
          0.0,
          -0.848016,
          -0.0,
          0.0,
          1.0,
          2.615983,
          -1.0,
          0.0,
          -0.0,
          0.0,
          0.0,
          0.0,
          0.0,
          1.0
        ],
        [
          0.0,
          -1.0,
          0.0,
          -0.848016,
          -0.0,
          0.0,
          1.0,
          2.615983,
          -1.0,
          0.0,
          -0.0,
          0.0,
          0.0,
          0.0,
          0.0,
          1.0
        ],
        [
          0.0,
          -1.0,
          0.0,
          -0.848016,
          -0.0,
          0.0,
          1.0,
          2.615983,
          -1.0,
          0.0,
          -0.0,
          0.0,
          0.0,
          0.0,
          0.0,
          1.0
        ],
        [
          0.0,
          -1.0,
          0.0,
          -0.848016,
          -0.0,
          0.0,
          1.0,
          2.615983,
          -1.0,
          0.0,
          -0.0,
          0.0,
          0.0,
          0.0,
          0.0,
          1.0
        ],
        [
          0.0,
          -1.0,
          0.0,
          -0.848016,
          -0.0,
          0.0,
          1.0,
          2.615983,
          -1.0,
          0.0,
          -0.0,
          0.0,
          0.0,
          0.0,
          0.0,
          1.0
        ],
        [
          0.0,
          -1.0,
          0.0,
          -0.848016,
          -0.0,
          0.0,
          1.0,
          2.615983,
          -1.0,
          0.0,
          -0.0,
          0.0,
          0.0,
          0.0,
          0.0,
          1.0
        ],
        [
          0.0,
          -1.0,
          0.0,
          -0.848016,
          -0.0,
          0.0,
          1.0,
          2.615983,
          -1.0,
          0.0,
          -0.0,
          0.0,
          0.0,
          0.0,
          0.0,
          1.0
        ],
        [
          0.0,
          -1.0,
          0.0,
          -0.848016,
          -0.0,
          0.0,
          1.0,
          2.615983,
          -1.0,
          0.0,
          -0.0,
          0.0,
          0.0,
          0.0,
          0.0,
          1.0
        ],
        [
          0.0,
          -1.0,
          0.0,
          -0.848016,
          -0.0,
          0.0,
          1.0,
          2.615983,
          -1.0,
          0.0,
          -0.0,
          0.0,
          0.0,
          0.0,
          0.0,
          1.0
        ],
        [
          0.0,
          -1.0,
          0.0,
          -0.848016,
          -0.0,
          0.0,
          1.0,
          2.615983,
          -1.0,
          0.0,
          -0.0,
          0.0,
          0.0,
          0.0,
          0.0,
          1.0
        ],
        [
          0.0,
          -1.0,
          0.0,
          -0.848016,
          -0.0,
          0.0,
          1.0,
          2.615983,
          -1.0,
          0.0,
          -0.0,
          0.0,
          0.0,
          0.0,
          0.0,
          1.0
        ],
        [
          0.0,
          -1.0,
          0.0,
          -0.848016,
          -0.0,
          0.0,
          1.0,
          2.615983,
          -1.0,
          0.0,
          -0.0,
          0.0,
          0.0,
          0.0,
          0.0,
          1.0
        ],
        [
          0.0,
          -1.0,
          0.0,
          -0.848016,
          -0.0,
          0.0,
          1.0,
          2.615983,
          -1.0,
          0.0,
          -0.0,
          0.0,
          0.0,
          0.0,
          0.0,
          1.0
        ],
        [
          0.0,
          -1.0,
          0.0,
          -0.848016,
          -0.0,
          0.0,
          1.0,
          2.615983,
          -1.0,
          0.0,
          -0.0,
          0.0,
          0.0,
          0.0,
          0.0,
          1.0
        ],
        [
          0.0,
          -1.0,
          0.0,
          -0.848016,
          -0.0,
          0.0,
          1.0,
          2.615983,
          -1.0,
          0.0,
          -0.0,
          0.0,
          0.0,
          0.0,
          0.0,
          1.0
        ]
      ]
    },
    {
      "name": "Tentacle1_1.L",
      "time": [
        0.0,
        0.0333,
        0.0667,
        0.1,
        0.1333,
        0.1667,
        0.2,
        0.2333,
        0.2667,
        0.3,
        0.3333,
        0.3667,
        0.4,
        0.4333,
        0.4667,
        0.5,
        0.5333,
        0.5667,
        0.6,
        0.6333,
        0.6667,
        0.7,
        0.7333,
        0.7667,
        0.8,
        0.8333,
        0.8667,
        0.9,
        0.9333,
        0.9667,
        1.0,
        1.0333,
        1.0667,
        1.1
      ],
      "transform": [
        [
          0.999935,
          0.002731,
          -0.011053,
          0.0,
          -0.002837,
          0.999949,
          -0.009666,
          1.057274,
          0.011026,
          0.009697,
          0.999892,
          0.0,
          0.0,
          0.0,
          0.0,
          1.0
        ],
        [
          0.999936,
          0.002361,
          -0.011053,
          0.0,
          -0.002469,
          0.999948,
          -0.009854,
          1.057274,
          0.01103,
          0.009881,
          0.99989,
          0.0,
          0.0,
          0.0,
          0.0,
          1.0
        ],
        [
          0.999937,
          0.002041,
          -0.011054,
          0.0,
          -0.002151,
          0.999948,
          -0.010017,
          1.057274,
          0.011033,
          0.01004,
          0.999889,
          0.0,
          0.0,
          0.0,
          0.0,
          1.0
        ],
        [
          0.999937,
          0.001764,
          -0.011054,
          0.0,
          -0.001876,
          0.999946,
          -0.010158,
          1.057274,
          0.011036,
          0.010178,
          0.999887,
          0.0,
          0.0,
          0.0,
          0.0,
          1.0
        ],
        [
          0.999937,
          0.001525,
          -0.011054,
          0.0,
          -0.001639,
          0.999945,
          -0.010279,
          1.057274,
          0.011038,
          0.010297,
          0.999886,
          0.0,
          0.0,
          0.0,
          0.0,
          1.0
        ],
        [
          0.999938,
          0.001318,
          -0.011055,
          0.0,
          -0.001433,
          0.999945,
          -0.010384,
          1.057274,
          0.01104,
          0.010399,
          0.999885,
          0.0,
          0.0,
          0.0,
          0.0,
          1.0
        ],
        [
          0.999938,
          0.00114,
          -0.011055,
          0.0,
          -0.001255,
          0.999944,
          -0.010475,
          1.057274,
          0.011042,
          0.010488,
          0.999884,
          0.0,
          0.0,
          0.0,
          0.0,
          1.0
        ],
        [
          0.999938,
          0.000985,
          -0.011055,
          0.0,
          -0.001102,
          0.999943,
          -0.010554,
          1.057274,
          0.011044,
          0.010565,
          0.999882,
          0.0,
          0.0,
          0.0,
          0.0,
          1.0
        ],
        [
          0.999939,
          0.000852,
          -0.011055,
          0.0,
          -0.000969,
          0.999943,
          -0.010622,
          1.057274,
          0.011045,
          0.010632,
          0.999883,
          0.0,
          0.0,
          0.0,
          0.0,
          1.0
        ],
        [
          0.999938,
          0.000736,
          -0.011055,
          0.0,
          -0.000854,
          0.999942,
          -0.01068,
          1.057274,
          0.011046,
          0.010689,
          0.999881,
          0.0,
          0.0,
          0.0,
          0.0,
          1.0
        ],
        [
          0.999938,
          0.000636,
          -0.011055,
          0.0,
          -0.000755,
          0.999942,
          -0.010731,
          1.057274,
          0.011047,
          0.010739,
          0.999881,
          0.0,
          0.0,
          0.0,
          0.0,
          1.0
        ],
        [
          0.999939,
          0.00055,
          -0.011055,
          0.0,
          -0.000669,
          0.999942,
          -0.010775,
          1.057274,
          0.011048,
          0.010781,
          0.999881,
          0.0,
          0.0,
          0.0,
          0.0,
          1.0
        ],
        [
          0.999939,
          0.000475,
          -0.011055,
          0.0,
          -0.000595,
          0.999941,
          -0.010812,
          1.057274,
          0.011049,
          0.010818,
          0.99988,
          0.0,
          0.0,
          0.0,
          0.0,
          1.0
        ],
        [
          0.999939,
          0.000411,
          -0.011055,
          0.0,
          -0.000531,
          0.999941,
          -0.010845,
          1.057274,
          0.01105,
          0.01085,
          0.99988,
          0.0,
          0.0,
          0.0,
          0.0,
          1.0
        ],
        [
          0.999939,
          0.000355,
          -0.011055,
          0.0,
          -0.000475,
          0.999941,
          -0.010874,
          1.057274,
          0.01105,
          0.010878,
          0.99988,
          0.0,
          0.0,
          0.0,
          0.0,
          1.0
        ],
        [
          0.999939,
          0.000307,
          -0.011055,
          0.0,
          -0.000428,
          0.999941,
          -0.010898,
          1.057274,
          0.011051,
          0.010902,
          0.999879,
          0.0,
          0.0,
          0.0,
          0.0,
          1.0
        ],
        [
          0.999939,
          0.000266,
          -0.011055,
          0.0,
          -0.000386,
          0.99994,
          -0.010919,
          1.057274,
          0.011051,
          0.010923,
          0.999879,
          0.0,
          0.0,
          0.0,
          0.0,
          1.0
        ],
        [
          0.999939,
          0.00023,
          -0.011055,
          0.0,
          -0.00035,
          0.999941,
          -0.010937,
          1.057274,
          0.011052,
          0.010941,
          0.999879,
          0.0,
          0.0,
          0.0,
          0.0,
          1.0
        ],
        [
          0.999938,
          0.000198,
          -0.011055,
          0.0,
          -0.000319,
          0.99994,
          -0.010953,
          1.057274,
          0.011052,
          0.010956,
          0.999879,
          0.0,
          0.0,
          0.0,
          0.0,
          1.0
        ],
        [
          0.999939,
          0.000171,
          -0.011055,
          0.0,
          -0.000292,
          0.99994,
          -0.010967,
          1.057274,
          0.011053,
          0.010969,
          0.999879,
          0.0,
          0.0,
          0.0,
          0.0,
          1.0
        ],
        [
          0.999939,
          0.000148,
          -0.011055,
          0.0,
          -0.000269,
          0.99994,
          -0.010978,
          1.057274,
          0.011053,
          0.010981,
          0.999879,
          0.0,
          0.0,
          0.0,
          0.0,
          1.0
        ],
        [
          0.999939,
          0.000128,
          -0.011055,
          0.0,
          -0.000249,
          0.99994,
          -0.010989,
          1.057274,
          0.011053,
          0.010991,
          0.999879,
          0.0,
          0.0,
          0.0,
          0.0,
          1.0
        ],
        [
          0.999939,
          0.00011,
          -0.011055,
          0.0,
          -0.000232,
          0.99994,
          -0.010998,
          1.057274,
          0.011053,
          0.010999,
          0.999878,
          0.0,
          0.0,
          0.0,
          0.0,
          1.0
        ],
        [
          0.999939,
          9.5e-05,
          -0.011055,
          0.0,
          -0.000217,
          0.999939,
          -0.011005,
          1.057274,
          0.011053,
          0.011007,
          0.999878,
          0.0,
          0.0,
          0.0,
          0.0,
          1.0
        ],
        [
          0.999939,
          8.2e-05,
          -0.011055,
          0.0,
          -0.000204,
          0.999939,
          -0.011012,
          1.057274,
          0.011053,
          0.011013,
          0.999878,
          0.0,
          0.0,
          0.0,
          0.0,
          1.0
        ],
        [
          0.999939,
          7.1e-05,
          -0.011055,
          0.0,
          -0.000193,
          0.999939,
          -0.011018,
          1.057274,
          0.011053,
          0.011019,
          0.999879,
          0.0,
          0.0,
          0.0,
          0.0,
          1.0
        ],
        [
          0.999939,
          6.2e-05,
          -0.011055,
          0.0,
          -0.000184,
          0.999939,
          -0.011023,
          1.057274,
          0.011054,
          0.011024,
          0.999878,
          0.0,
          0.0,
          0.0,
          0.0,
          1.0
        ],
        [
          0.999939,
          5.4e-05,
          -0.011055,
          0.0,
          -0.000176,
          0.999939,
          -0.011027,
          1.057274,
          0.011054,
          0.011028,
          0.999878,
          0.0,
          0.0,
          0.0,
          0.0,
          1.0
        ],
        [
          0.999939,
          4.6e-05,
          -0.011055,
          0.0,
          -0.000168,
          0.999939,
          -0.011031,
          1.057274,
          0.011054,
          0.011032,
          0.999878,
          0.0,
          0.0,
          0.0,
          0.0,
          1.0
        ],
        [
          0.999939,
          4e-05,
          -0.011055,
          0.0,
          -0.000162,
          0.999939,
          -0.011034,
          1.057274,
          0.011054,
          0.011035,
          0.999878,
          0.0,
          0.0,
          0.0,
          0.0,
          1.0
        ],
        [
          0.999939,
          3.5e-05,
          -0.011055,
          0.0,
          -0.000157,
          0.999939,
          -0.011037,
          1.057274,
          0.011054,
          0.011038,
          0.999878,
          0.0,
          0.0,
          0.0,
          0.0,
          1.0
        ],
        [
          0.999939,
          3e-05,
          -0.011055,
          0.0,
          -0.000152,
          0.999939,
          -0.011039,
          1.057274,
          0.011054,
          0.01104,
          0.999878,
          0.0,
          0.0,
          0.0,
          0.0,
          1.0
        ],
        [
          0.999939,
          2.6e-05,
          -0.011055,
          0.0,
          -0.000148,
          0.999939,
          -0.011041,
          1.057274,
          0.011054,
          0.011042,
          0.999878,
          0.0,
          0.0,
          0.0,
          0.0,
          1.0
        ],
        [
          0.999939,
          2.2e-05,
          -0.011055,
          0.0,
          -0.000144,
          0.999939,
          -0.011043,
          1.057274,
          0.011054,
          0.011044,
          0.999878,
